2.00 201.00 101.50
202.00 401.00 301.50
402.00 601.00 501.50
602.00 801.00 701.50
802.00 1001.00 901.50
1002.00 1201.00 1101.50
1202.00 1401.00 1301.50
1402.00 1601.00 1501.50
1602.00 1801.00 1701.50
1802.00 2001.00 1901.50
2002.00 2201.00 2101.50
2202.00 2401.00 2301.50
2402.00 2601.00 2501.50
2602.00 2801.00 2701.50
2802.00 3001.00 2901.50
3002.00 3201.00 3101.50
3202.00 3401.00 3301.50
3402.00 3601.00 3501.50
3602.00 3801.00 3701.50
3802.00 4001.00 3901.50
4002.00 4201.00 4101.50
4202.00 4401.00 4301.50
4402.00 4601.00 4501.50
4602.00 4801.00 4701.50
4802.00 5001.00 4901.50
5002.00 5201.00 5101.50
5202.00 5401.00 5301.50
5402.00 5601.00 5501.50
5602.00 5801.00 5701.50
5802.00 6001.00 5901.50
6002.00 6201.00 6101.50
6202.00 6401.00 6301.50
6402.00 6601.00 6501.50
6602.00 6801.00 6701.50
6802.00 7001.00 6901.50
7002.00 7201.00 7101.50
7202.00 7401.00 7301.50
7402.00 7601.00 7501.50
7602.00 7801.00 7701.50
7802.00 8001.00 7901.50
8002.00 8201.00 8101.50
8202.00 8401.00 8301.50
8402.00 8601.00 8501.50
8602.00 8801.00 8701.50
8802.00 9001.00 8901.50
9002.00 9201.00 9101.50
9202.00 9401.00 9301.50
9402.00 9601.00 9501.50
9602.00 9801.00 9701.50
9802.00 10001.00 9901.50
10002.00 10201.00 10101.50
10202.00 10401.00 10301.50
10402.00 10601.00 10501.50
10602.00 10801.00 10701.50
10802.00 11001.00 10901.50
11002.00 11201.00 11101.50
11202.00 11401.00 11301.50
11402.00 11601.00 11501.50
11602.00 11801.00 11701.50
11802.00 12001.00 11901.50
12002.00 12201.00 12101.50
12202.00 12401.00 12301.50
12402.00 12601.00 12501.50
