2.00 201.00 101.50
202.00 401.00 301.50
402.00 601.00 501.50
602.00 801.00 701.50
802.00 1001.00 901.50
1002.00 1201.00 1101.50
1202.00 1401.00 1301.50
1402.00 1601.00 1501.50
1602.00 1801.00 1701.50
1802.00 2001.00 1901.50
2002.00 2201.00 2101.50
2202.00 2401.00 2301.50
2402.00 2601.00 2501.50
2602.00 2801.00 2701.50
2802.00 3001.00 2901.50
3002.00 3201.00 3101.50
3202.00 3401.00 3301.50
3402.00 3601.00 3501.50
3602.00 3801.00 3701.50
3802.00 4001.00 3901.50
4002.00 4201.00 4101.50
4202.00 4401.00 4301.50
4402.00 4601.00 4501.50
4602.00 4801.00 4701.50
4802.00 5001.00 4901.50
5002.00 5201.00 5101.50
5202.00 5401.00 5301.50
5402.00 5601.00 5501.50
5602.00 5801.00 5701.50
5802.00 6001.00 5901.50
6002.00 6201.00 6101.50
6202.00 6401.00 6301.50
