1.015000000000000000e+02 6.678063718311341290e+01
3.015000000000000000e+02 2.322421658261202708e+02
5.015000000000000000e+02 2.420438521883287422e+02
7.015000000000000000e+02 7.363792859986307349e+02
9.015000000000000000e+02 1.549567270648229851e+03
1.101500000000000000e+03 1.507536821788079806e+03
1.301500000000000000e+03 3.767580028148648125e+03
1.501500000000000000e+03 4.789420045578493045e+03
1.701500000000000000e+03 4.348547293587378590e+03
1.901500000000000000e+03 5.154494314742880306e+03
2.101500000000000000e+03 8.913570486464957867e+03
2.301500000000000000e+03 9.627054959054068604e+03
2.501500000000000000e+03 1.200027849274322580e+04
2.701500000000000000e+03 1.696440973634924376e+04
2.901500000000000000e+03 1.333223067347501819e+04
3.101500000000000000e+03 1.550731259123076234e+04
3.301500000000000000e+03 2.158145736195957579e+04
3.501500000000000000e+03 2.429000689273884927e+04
3.701500000000000000e+03 2.112589358791076666e+04
3.901500000000000000e+03 3.004870211100613233e+04
4.101500000000000000e+03 2.862914345219826282e+04
4.301500000000000000e+03 2.765276634269783608e+04
4.501500000000000000e+03 3.681617656612498831e+04
4.701500000000000000e+03 5.054891700571998081e+04
4.901500000000000000e+03 4.179524505105291610e+04
5.101500000000000000e+03 4.494617962809159508e+04
5.301500000000000000e+03 5.509578712092974456e+04
5.501500000000000000e+03 5.093035055290483433e+04
5.701500000000000000e+03 5.558604364849405829e+04
5.901500000000000000e+03 6.469953888971421839e+04
6.101500000000000000e+03 7.068344740168190037e+04
6.301500000000000000e+03 6.371584982078112807e+04
6.501500000000000000e+03 7.248277933310127992e+04
6.701500000000000000e+03 7.733828680606131093e+04
6.901500000000000000e+03 8.859840534096049669e+04
7.101500000000000000e+03 1.006026181017878262e+05
7.301500000000000000e+03 1.031768959948750708e+05
7.501500000000000000e+03 9.193009955031468417e+04
7.701500000000000000e+03 1.005744212442649878e+05
7.901500000000000000e+03 1.194632842559294513e+05
8.101500000000000000e+03 1.199508124693140271e+05
8.301500000000000000e+03 1.310825470843197836e+05
8.501500000000000000e+03 1.267187929232789756e+05
8.701500000000000000e+03 1.263595281507957552e+05
8.901500000000000000e+03 1.235068347426617256e+05
9.101500000000000000e+03 1.459799539289884269e+05
9.301500000000000000e+03 1.600512672520648921e+05
9.501500000000000000e+03 1.846611638222504698e+05
9.701500000000000000e+03 1.624907561940584565e+05
9.901500000000000000e+03 1.815353312847280176e+05
1.010150000000000000e+04 1.622518428085283085e+05
1.030150000000000000e+04 1.953321281909782556e+05
1.050150000000000000e+04 1.914033162762076536e+05
1.070150000000000000e+04 2.211126937180267996e+05
1.090150000000000000e+04 2.066182664411450969e+05
1.110150000000000000e+04 1.974776499578264484e+05
1.130150000000000000e+04 2.131197195221393777e+05
1.150150000000000000e+04 2.490787384941883211e+05
1.170150000000000000e+04 2.702559206928118947e+05
1.190150000000000000e+04 2.419743366840444796e+05
1.210150000000000000e+04 2.444704121837675339e+05
1.230150000000000000e+04 3.434365812732865452e+05
