1.015000000000000000e+02 8.017476596173560566e+00
3.015000000000000000e+02 -7.250006890225731970e-01
5.015000000000000000e+02 5.886164119346289247e+00
7.015000000000000000e+02 1.682743067575749984e+00
9.015000000000000000e+02 2.877192777296196269e+00
1.101500000000000000e+03 4.158986755730435192e+00
1.301500000000000000e+03 5.164675405026430965e+00
1.501500000000000000e+03 8.357618119745620078e+00
1.701500000000000000e+03 8.380286098959761176e+00
1.901500000000000000e+03 7.242335601235599718e+00
2.101500000000000000e+03 1.036314785050583254e+01
2.301500000000000000e+03 1.112738845869557913e+01
2.501500000000000000e+03 1.323081904702979372e+01
2.701500000000000000e+03 1.031551789487869542e+01
2.901500000000000000e+03 1.246972458559091557e+01
3.101500000000000000e+03 1.301633636226460311e+01
3.301500000000000000e+03 1.434027776393785381e+01
3.501500000000000000e+03 1.883655089232430058e+01
3.701500000000000000e+03 1.593186241408047721e+01
3.901500000000000000e+03 1.648728361017753841e+01
4.101500000000000000e+03 1.388318208603191373e+01
4.301500000000000000e+03 1.463357562431963821e+01
4.501500000000000000e+03 1.700773560627985859e+01
4.701500000000000000e+03 1.420554793121321246e+01
4.901500000000000000e+03 1.639915174784241358e+01
5.101500000000000000e+03 1.422566143533816430e+01
5.301500000000000000e+03 1.398367093850984055e+01
5.501500000000000000e+03 2.046668505065524712e+01
5.701500000000000000e+03 1.863066698719146075e+01
5.901500000000000000e+03 1.396396499688215265e+01
6.101500000000000000e+03 1.737201103529989865e+01
6.301500000000000000e+03 1.735711468916587563e+01
6.501500000000000000e+03 1.715353515714234689e+01
6.701500000000000000e+03 1.629640366134642804e+01
6.901500000000000000e+03 1.837047692393615250e+01
7.101500000000000000e+03 1.655090902386522345e+01
7.301500000000000000e+03 1.574717378104258891e+01
7.501500000000000000e+03 1.524226586536679839e+01
7.701500000000000000e+03 1.566243854701763816e+01
7.901500000000000000e+03 1.501279049578441160e+01
8.101500000000000000e+03 1.579560336483771721e+01
8.301500000000000000e+03 1.734703676367460901e+01
8.501500000000000000e+03 1.199478862429610615e+01
8.701500000000000000e+03 1.764828268013402024e+01
8.901500000000000000e+03 1.187667947095250298e+01
9.101500000000000000e+03 1.563260573641818496e+01
9.301500000000000000e+03 1.400394711909263101e+01
9.501500000000000000e+03 1.437921537348199585e+01
9.701500000000000000e+03 1.634214769224056951e+01
9.901500000000000000e+03 1.321149176356693644e+01
1.010150000000000000e+04 1.438931593544353404e+01
1.030150000000000000e+04 1.584253662874825075e+01
1.050150000000000000e+04 1.228091250718508221e+01
1.070150000000000000e+04 1.330241167299917926e+01
1.090150000000000000e+04 1.197701285304799512e+01
1.110150000000000000e+04 1.339636130416669957e+01
1.130150000000000000e+04 1.156897832499181966e+01
1.150150000000000000e+04 1.417064249539842713e+01
1.170150000000000000e+04 1.130880915924866059e+01
1.190150000000000000e+04 1.253248101141644355e+01
1.210150000000000000e+04 1.136852407191559067e+01
1.230150000000000000e+04 1.675429961133512791e+01
