1.015000000000000000e+02 3.359776557118466234e-01
3.015000000000000000e+02 -7.425682130252833635e-02
5.015000000000000000e+02 3.924624384430228791e-02
7.015000000000000000e+02 1.980518000819050939e-02
9.015000000000000000e+02 7.406084962560769216e-03
1.101500000000000000e+03 1.653819029121822784e-02
1.301500000000000000e+03 1.561676051257186899e-02
1.501500000000000000e+03 2.511066338366908096e-02
1.701500000000000000e+03 2.956078260735352237e-02
1.901500000000000000e+03 4.883740157753743705e-02
2.101500000000000000e+03 2.540601022240917412e-02
2.301500000000000000e+03 4.756381566524797017e-02
2.501500000000000000e+03 4.314566706158891318e-02
2.701500000000000000e+03 5.190702057024436378e-02
2.901500000000000000e+03 4.816764449157180661e-02
3.101500000000000000e+03 6.711827375909998339e-02
3.301500000000000000e+03 6.729389711832378662e-02
3.501500000000000000e+03 8.624848866656852076e-02
3.701500000000000000e+03 1.056626877944664977e-01
3.901500000000000000e+03 1.171955386875900978e-01
4.101500000000000000e+03 1.160965895128438924e-01
4.301500000000000000e+03 1.073949429500424546e-01
4.501500000000000000e+03 1.268483870224595966e-01
4.701500000000000000e+03 1.510299736798622894e-01
4.901500000000000000e+03 1.683024815289516918e-01
5.101500000000000000e+03 1.289744113632387001e-01
5.301500000000000000e+03 1.469005379145246204e-01
5.501500000000000000e+03 1.857825356112583204e-01
5.701500000000000000e+03 2.216352636136834919e-01
5.901500000000000000e+03 2.042103092504063411e-01
6.101500000000000000e+03 2.378515465883689339e-01
6.301500000000000000e+03 2.180829872599375219e-01
6.501500000000000000e+03 2.537865049786824923e-01
6.701500000000000000e+03 2.658511402928028788e-01
6.901500000000000000e+03 2.394628932747205341e-01
7.101500000000000000e+03 2.376149366442320832e-01
7.301500000000000000e+03 3.025982505462053718e-01
7.501500000000000000e+03 2.469050867823669448e-01
7.701500000000000000e+03 3.108029646254297229e-01
7.901500000000000000e+03 3.113358338712038376e-01
8.101500000000000000e+03 3.644381063833441736e-01
8.301500000000000000e+03 3.939764680513669348e-01
8.501500000000000000e+03 3.818668789534529484e-01
8.701500000000000000e+03 3.963317590579916172e-01
8.901500000000000000e+03 4.021762646195208291e-01
9.101500000000000000e+03 4.125640336111661699e-01
9.301500000000000000e+03 4.228386696901210717e-01
9.501500000000000000e+03 4.795023356398332437e-01
9.701500000000000000e+03 4.574814871769962710e-01
9.901500000000000000e+03 4.983014819397145190e-01
1.010150000000000000e+04 5.277311984904917708e-01
1.030150000000000000e+04 5.385944771841039147e-01
1.050150000000000000e+04 5.474056906785924603e-01
1.070150000000000000e+04 5.692501956191081680e-01
1.090150000000000000e+04 5.619805232300677522e-01
1.110150000000000000e+04 5.814466728291316500e-01
1.130150000000000000e+04 6.645074870583244087e-01
1.150150000000000000e+04 5.248556638814084740e-01
1.170150000000000000e+04 6.575530405106603249e-01
1.190150000000000000e+04 6.735483622137751203e-01
1.210150000000000000e+04 6.656922053855525157e-01
1.230150000000000000e+04 9.626685799600852578e-01
