1.015000000000000000e+02 6.747996391553003903e-01
3.015000000000000000e+02 8.526758459161797532e+00
5.015000000000000000e+02 1.204230444903016561e+01
7.015000000000000000e+02 2.284374706264076593e+01
9.015000000000000000e+02 4.908130939452421870e+01
1.101500000000000000e+03 7.610447284113600119e+01
1.301500000000000000e+03 1.276713619792531631e+02
1.501500000000000000e+03 1.631540654467605407e+02
1.701500000000000000e+03 1.607245351615315485e+02
1.901500000000000000e+03 1.841344129651773187e+02
2.101500000000000000e+03 2.887914675903316493e+02
2.301500000000000000e+03 3.619228330426453226e+02
2.501500000000000000e+03 4.473774407373940107e+02
2.701500000000000000e+03 5.266598042456680560e+02
2.901500000000000000e+03 4.671723784183010366e+02
3.101500000000000000e+03 5.333186280531773491e+02
3.301500000000000000e+03 7.222212447124740038e+02
3.501500000000000000e+03 8.628987055491373894e+02
3.701500000000000000e+03 8.793660018154694171e+02
3.901500000000000000e+03 9.926381637121160111e+02
4.101500000000000000e+03 9.843572698696139014e+02
4.301500000000000000e+03 1.018410964183839383e+03
4.501500000000000000e+03 1.345579131151300771e+03
4.701500000000000000e+03 1.656975607722634777e+03
4.901500000000000000e+03 1.561478270515775876e+03
5.101500000000000000e+03 1.594475588128059826e+03
5.301500000000000000e+03 1.705621897145888397e+03
5.501500000000000000e+03 1.790196879645013269e+03
5.701500000000000000e+03 2.140587990965002518e+03
5.901500000000000000e+03 2.416702058606649189e+03
6.101500000000000000e+03 2.418406684996150034e+03
6.301500000000000000e+03 2.291414826228980473e+03
6.501500000000000000e+03 2.539069256476435385e+03
6.701500000000000000e+03 2.752355277545905665e+03
6.901500000000000000e+03 3.192163960798108747e+03
7.101500000000000000e+03 3.517010672419293314e+03
7.301500000000000000e+03 3.551022275827698650e+03
7.501500000000000000e+03 3.216606892960139703e+03
7.701500000000000000e+03 3.457162773901556648e+03
7.901500000000000000e+03 4.017921955958961917e+03
8.101500000000000000e+03 4.473543232818177785e+03
8.301500000000000000e+03 4.634401844643766708e+03
8.501500000000000000e+03 4.427369560213212935e+03
8.701500000000000000e+03 4.456960301862022789e+03
8.901500000000000000e+03 4.733838017437716189e+03
9.101500000000000000e+03 5.239760894479341914e+03
9.301500000000000000e+03 5.857532936893255282e+03
9.501500000000000000e+03 6.179401955112134601e+03
9.701500000000000000e+03 5.766753166314893861e+03
9.901500000000000000e+03 5.767019390023092456e+03
1.010150000000000000e+04 6.075881026542103427e+03
1.030150000000000000e+04 7.052201000625019333e+03
1.050150000000000000e+04 7.225767724354050188e+03
1.070150000000000000e+04 7.469975403083396486e+03
1.090150000000000000e+04 7.193367051663120037e+03
1.110150000000000000e+04 7.211699284444242039e+03
1.130150000000000000e+04 7.990729383064208378e+03
1.150150000000000000e+04 8.695436657051908696e+03
1.170150000000000000e+04 9.324840605001947552e+03
1.190150000000000000e+04 9.115848611781708314e+03
1.210150000000000000e+04 8.364291419942439461e+03
1.230150000000000000e+04 1.182214737816192064e+04
