1.015000000000000000e+02 9.474985258106251251e+00
3.015000000000000000e+02 -2.044971483083560138e+00
5.015000000000000000e+02 1.042856316044469045e+00
7.015000000000000000e+02 6.363716636644733970e-01
9.015000000000000000e+02 1.341619991321782168e-01
1.101500000000000000e+03 4.857353067565005622e-01
1.301500000000000000e+03 4.581874748339100911e-01
1.501500000000000000e+03 7.259800979622865746e-01
1.701500000000000000e+03 7.429418285141291545e-01
1.901500000000000000e+03 1.341123673894093704e+00
2.101500000000000000e+03 7.300940248657864506e-01
2.301500000000000000e+03 1.390425528378143483e+00
2.501500000000000000e+03 1.196845845061578206e+00
2.701500000000000000e+03 1.409404083722302525e+00
2.901500000000000000e+03 1.268001153591553409e+00
3.101500000000000000e+03 1.876750343363730700e+00
3.301500000000000000e+03 1.879240485731860755e+00
3.501500000000000000e+03 2.534056635023607562e+00
3.701500000000000000e+03 3.080384204768627843e+00
3.901500000000000000e+03 3.302505018938076020e+00
4.101500000000000000e+03 3.266145092621264734e+00
4.301500000000000000e+03 3.049928149475997330e+00
4.501500000000000000e+03 3.436877064167194185e+00
4.701500000000000000e+03 4.543578693809062763e+00
4.901500000000000000e+03 4.518861482573442778e+00
5.101500000000000000e+03 3.605760014141244252e+00
5.301500000000000000e+03 4.015079522220988295e+00
5.501500000000000000e+03 5.317234984892434291e+00
5.701500000000000000e+03 6.117583987565189396e+00
5.901500000000000000e+03 5.995953357494082425e+00
6.101500000000000000e+03 6.368540402331618111e+00
6.301500000000000000e+03 6.414383750304090803e+00
6.501500000000000000e+03 7.200860833250365189e+00
6.701500000000000000e+03 7.145900266912643239e+00
6.901500000000000000e+03 6.339931622467562811e+00
7.101500000000000000e+03 7.079685336485590952e+00
7.301500000000000000e+03 8.495198772948935328e+00
7.501500000000000000e+03 6.989395025746873991e+00
7.701500000000000000e+03 9.125266289049893231e+00
7.901500000000000000e+03 8.659506132020853286e+00
8.101500000000000000e+03 1.074232444756454186e+01
8.301500000000000000e+03 1.096415808167866146e+01
8.501500000000000000e+03 1.056595008568567629e+01
8.701500000000000000e+03 1.091401146766014385e+01
8.901500000000000000e+03 1.164116078282483002e+01
9.101500000000000000e+03 1.182505554806789760e+01
9.301500000000000000e+03 1.167625345298940154e+01
9.501500000000000000e+03 1.355321975570118020e+01
9.701500000000000000e+03 1.280746308174811077e+01
9.901500000000000000e+03 1.409922845105113076e+01
1.010150000000000000e+04 1.520104334357965215e+01
1.030150000000000000e+04 1.497279850348194330e+01
1.050150000000000000e+04 1.515332675147671715e+01
1.070150000000000000e+04 1.615035042101687424e+01
1.090150000000000000e+04 1.506329489297374558e+01
1.110150000000000000e+04 1.682767652929243951e+01
1.130150000000000000e+04 1.917425703969334094e+01
1.150150000000000000e+04 1.566948951110659927e+01
1.170150000000000000e+04 1.806491013732931350e+01
1.190150000000000000e+04 1.931521123882539470e+01
1.210150000000000000e+04 1.851294807426385347e+01
1.230150000000000000e+04 2.725420063604825671e+01
