1.015000000000000000e+02 5.364341487940198938e+00
3.015000000000000000e+02 -4.850842046705050037e-01
5.015000000000000000e+02 3.938320714835357172e+00
7.015000000000000000e+02 1.125891467995862483e+00
9.015000000000000000e+02 1.925075123096362084e+00
1.101500000000000000e+03 2.782699121417175903e+00
1.301500000000000000e+03 3.455586327795288071e+00
1.501500000000000000e+03 5.591923696102771402e+00
1.701500000000000000e+03 5.607090457963494146e+00
1.901500000000000000e+03 4.845709358612727335e+00
2.101500000000000000e+03 6.933785633451130970e+00
2.301500000000000000e+03 7.445124534487715273e+00
2.501500000000000000e+03 8.852489994152662689e+00
2.701500000000000000e+03 6.901917311602209892e+00
2.901500000000000000e+03 8.343256101511901335e+00
3.101500000000000000e+03 8.708983672860412639e+00
3.301500000000000000e+03 9.594807710099292564e+00
3.501500000000000000e+03 1.260317878769503253e+01
3.701500000000000000e+03 1.065970695152188874e+01
3.901500000000000000e+03 1.103132864675372282e+01
4.101500000000000000e+03 9.288973706684700460e+00
4.301500000000000000e+03 9.791047869610427057e+00
4.501500000000000000e+03 1.137955320428800832e+01
4.701500000000000000e+03 9.504662701515135481e+00
4.901500000000000000e+03 1.097236116937228445e+01
5.101500000000000000e+03 9.518120160191365642e+00
5.301500000000000000e+03 9.356208955267877769e+00
5.501500000000000000e+03 1.369387072561907814e+01
5.701500000000000000e+03 1.246542571119474196e+01
5.901500000000000000e+03 9.343023960932868022e+00
6.101500000000000000e+03 1.162328299414272692e+01
6.301500000000000000e+03 1.161331603887578545e+01
6.501500000000000000e+03 1.147710484694783872e+01
6.701500000000000000e+03 1.090361448764210905e+01
6.901500000000000000e+03 1.229133754576805515e+01
7.101500000000000000e+03 1.107389911803923255e+01
7.301500000000000000e+03 1.053613526330301120e+01
7.501500000000000000e+03 1.019831081876692025e+01
7.701500000000000000e+03 1.047944061298058394e+01
7.901500000000000000e+03 1.004477324102672320e+01
8.101500000000000000e+03 1.056853853227836737e+01
8.301500000000000000e+03 1.160657304846557381e+01
8.501500000000000000e+03 8.025485571977380772e+00
8.701500000000000000e+03 1.180813093573487649e+01
8.901500000000000000e+03 7.946460871635774303e+00
9.101500000000000000e+03 1.045947999844940490e+01
9.301500000000000000e+03 9.369775199308607583e+00
9.501500000000000000e+03 9.620860154061434244e+00
9.701500000000000000e+03 1.093422073194119726e+01
9.901500000000000000e+03 8.839558565941539214e+00
1.010150000000000000e+04 9.627618107605709241e+00
1.030150000000000000e+04 1.059994057021096836e+01
1.050150000000000000e+04 8.216925614677144551e+00
1.070150000000000000e+04 8.900391047644678366e+00
1.090150000000000000e+04 8.013592215921500284e+00
1.110150000000000000e+04 8.963251054505104065e+00
1.130150000000000000e+04 7.740583823587721568e+00
1.150150000000000000e+04 9.481308169115109763e+00
1.170150000000000000e+04 7.566509511419984513e+00
1.190150000000000000e+04 8.385244968055168613e+00
1.210150000000000000e+04 7.606463740464896262e+00
1.230150000000000000e+04 1.120998401371491582e+01
