1.015000000000000000e+02 6.186134126314077974e+01
3.015000000000000000e+02 -1.292330191419921803e+01
5.015000000000000000e+02 6.919455383939586923e+00
7.015000000000000000e+02 4.617553567316038610e+00
9.015000000000000000e+02 1.134511418769735158e+00
1.101500000000000000e+03 2.829365121351297141e+00
1.301500000000000000e+03 3.385463684952140451e+00
1.501500000000000000e+03 4.827160486098382108e+00
1.701500000000000000e+03 5.381253993608760666e+00
1.901500000000000000e+03 8.975541774378610782e+00
2.101500000000000000e+03 4.659110007938985554e+00
2.301500000000000000e+03 9.190209982307075975e+00
2.501500000000000000e+03 8.360304263830144578e+00
2.701500000000000000e+03 9.597580128438561786e+00
2.901500000000000000e+03 9.019636207480017376e+00
3.101500000000000000e+03 1.272625133513369278e+01
3.301500000000000000e+03 1.216202625020642358e+01
3.501500000000000000e+03 1.669884427825868656e+01
3.701500000000000000e+03 2.125853136113415687e+01
3.901500000000000000e+03 2.199175934755488271e+01
4.101500000000000000e+03 2.159973038699195058e+01
4.301500000000000000e+03 2.131491631205216919e+01
4.501500000000000000e+03 2.377985417086587816e+01
4.701500000000000000e+03 2.902783494834183387e+01
4.901500000000000000e+03 3.184519457518534580e+01
5.101500000000000000e+03 2.489972640750901434e+01
5.301500000000000000e+03 2.751803275011269534e+01
5.501500000000000000e+03 3.350389734274969555e+01
5.701500000000000000e+03 4.262013478688588464e+01
5.901500000000000000e+03 3.978710473259579317e+01
6.101500000000000000e+03 4.502126044808534999e+01
6.301500000000000000e+03 4.284936053076355478e+01
6.501500000000000000e+03 4.876250978110306988e+01
6.701500000000000000e+03 5.189913746317508014e+01
6.901500000000000000e+03 4.290903024157793055e+01
7.101500000000000000e+03 4.669884280117290842e+01
7.301500000000000000e+03 5.813297670971668651e+01
7.501500000000000000e+03 4.791687442512920825e+01
7.701500000000000000e+03 6.040374891640491484e+01
7.901500000000000000e+03 6.118516051618487950e+01
8.101500000000000000e+03 7.009197561936518639e+01
8.301500000000000000e+03 7.364198606600012909e+01
8.501500000000000000e+03 7.380914086832221699e+01
8.701500000000000000e+03 7.573075211780452776e+01
8.901500000000000000e+03 7.939802173125278273e+01
9.101500000000000000e+03 7.986972286303046076e+01
9.301500000000000000e+03 8.033627288986397730e+01
9.501500000000000000e+03 9.445714081543890472e+01
9.701500000000000000e+03 9.210735453048926047e+01
9.901500000000000000e+03 9.382243711185975599e+01
1.010150000000000000e+04 1.025773150432062266e+02
1.030150000000000000e+04 1.027263974379806086e+02
1.050150000000000000e+04 1.048775733558901209e+02
1.070150000000000000e+04 1.097904962309321064e+02
1.090150000000000000e+04 1.061843490229543221e+02
1.110150000000000000e+04 1.138875199638664526e+02
1.130150000000000000e+04 1.314162114875572627e+02
1.150150000000000000e+04 1.031887611075821241e+02
1.170150000000000000e+04 1.268908925623450443e+02
1.190150000000000000e+04 1.367655242081498272e+02
1.210150000000000000e+04 1.214607625096376466e+02
1.230150000000000000e+04 1.768717557399497196e+02
