1.015000000000000000e+02 1.336651482080200570e-01
3.015000000000000000e+02 2.133507116120914038e+00
5.015000000000000000e+02 2.831463922466199712e+00
7.015000000000000000e+02 4.807712304356329902e+00
9.015000000000000000e+02 1.136502084493741016e+01
1.101500000000000000e+03 1.903456966478161050e+01
1.301500000000000000e+03 3.013901557585350233e+01
1.501500000000000000e+03 3.926113604112243394e+01
1.701500000000000000e+03 3.773034746920062332e+01
1.901500000000000000e+03 4.118489844162417768e+01
2.101500000000000000e+03 6.702162545431809804e+01
2.301500000000000000e+03 8.736744290793474477e+01
2.501500000000000000e+03 1.100977391861019754e+02
2.701500000000000000e+03 1.223380688905868254e+02
2.901500000000000000e+03 1.069917047747674275e+02
3.101500000000000000e+03 1.228376351445508874e+02
3.301500000000000000e+03 1.692832857684719556e+02
3.501500000000000000e+03 2.082415376546831283e+02
3.701500000000000000e+03 2.120242278646155683e+02
3.901500000000000000e+03 2.330553380119637836e+02
4.101500000000000000e+03 2.287400915919060651e+02
4.301500000000000000e+03 2.350660623986454141e+02
4.501500000000000000e+03 3.215534266113101012e+02
4.701500000000000000e+03 3.945661696434425494e+02
4.901500000000000000e+03 3.758544678852993570e+02
5.101500000000000000e+03 3.740839168694546970e+02
5.301500000000000000e+03 3.848825775639927542e+02
5.501500000000000000e+03 4.195528598489461842e+02
5.701500000000000000e+03 5.134576608589512716e+02
5.901500000000000000e+03 5.833589886558454509e+02
6.101500000000000000e+03 5.693898261486107231e+02
6.301500000000000000e+03 5.355550993073592281e+02
6.501500000000000000e+03 5.897611452878802538e+02
6.701500000000000000e+03 6.453393612158378119e+02
6.901500000000000000e+03 7.667298068515002569e+02
7.101500000000000000e+03 8.421798841109412024e+02
7.301500000000000000e+03 8.349531975428720898e+02
7.501500000000000000e+03 7.473725806203206048e+02
7.701500000000000000e+03 7.977587438530421196e+02
7.901500000000000000e+03 9.439030194292028000e+02
8.101500000000000000e+03 1.076073593482412662e+03
8.301500000000000000e+03 1.104219891693787076e+03
8.501500000000000000e+03 1.035496593988537143e+03
8.701500000000000000e+03 1.040165489291572612e+03
8.901500000000000000e+03 1.116911419390846277e+03
9.101500000000000000e+03 1.242460752538504494e+03
9.301500000000000000e+03 1.406944431525995014e+03
9.501500000000000000e+03 1.463016875663010296e+03
9.701500000000000000e+03 1.349521448864537206e+03
9.901500000000000000e+03 1.319677614005795022e+03
1.010150000000000000e+04 1.432505541831318169e+03
1.030150000000000000e+04 1.683498439655613311e+03
1.050150000000000000e+04 1.729328800167260624e+03
1.070150000000000000e+04 1.773096523889751097e+03
1.090150000000000000e+04 1.666550537291578166e+03
1.110150000000000000e+04 1.686471841881024375e+03
1.130150000000000000e+04 1.906569990483902302e+03
1.150150000000000000e+04 2.064385241298623896e+03
1.170150000000000000e+04 2.213266134245231115e+03
1.190150000000000000e+04 2.166448252560498986e+03
1.210150000000000000e+04 1.943862974167429911e+03
1.230150000000000000e+04 2.742530598606718740e+03
