1.015000000000000000e+02 2.012409921478252706e+00
3.015000000000000000e+02 -1.819772821762125070e-01
5.015000000000000000e+02 1.477444304379564421e+00
7.015000000000000000e+02 4.223733976871077989e-01
9.015000000000000000e+02 7.221837478441551772e-01
1.101500000000000000e+03 1.043917761423589718e+00
1.301500000000000000e+03 1.296348533039282325e+00
1.501500000000000000e+03 2.097786430523004064e+00
1.701500000000000000e+03 2.103476164572675167e+00
1.901500000000000000e+03 1.817847272710746198e+00
2.101500000000000000e+03 2.601180220643352747e+00
2.301500000000000000e+03 2.793006835132342047e+00
2.501500000000000000e+03 3.320974015041431304e+00
2.701500000000000000e+03 2.589224951927470375e+00
2.901500000000000000e+03 3.129937088310029036e+00
3.101500000000000000e+03 3.267138230041499281e+00
3.301500000000000000e+03 3.599451372414490535e+00
3.501500000000000000e+03 4.728028983945816499e+00
3.701500000000000000e+03 3.998943764802983747e+00
3.901500000000000000e+03 4.138356097108875531e+00
4.101500000000000000e+03 3.484719028301878740e+00
4.301500000000000000e+03 3.673070032280167041e+00
4.501500000000000000e+03 4.268991053508495170e+00
4.701500000000000000e+03 3.565633751471267043e+00
4.901500000000000000e+03 4.116234716473045729e+00
5.101500000000000000e+03 3.570682327427044278e+00
5.301500000000000000e+03 3.509942060161122424e+00
5.501500000000000000e+03 5.137197403635546777e+00
5.701500000000000000e+03 4.676351509527146177e+00
5.901500000000000000e+03 3.504995782410077698e+00
6.101500000000000000e+03 4.360425217359429340e+00
6.301500000000000000e+03 4.356686207422004742e+00
6.501500000000000000e+03 4.305587088620817404e+00
6.701500000000000000e+03 4.090444675698359234e+00
6.901500000000000000e+03 4.611043048687146317e+00
7.101500000000000000e+03 4.154326266419498204e+00
7.301500000000000000e+03 3.952586365502780197e+00
7.501500000000000000e+03 3.825852981948798970e+00
7.701500000000000000e+03 3.931317587972181116e+00
7.901500000000000000e+03 3.768253997011697276e+00
8.101500000000000000e+03 3.964742310195368713e+00
8.301500000000000000e+03 4.354156574693344162e+00
8.501500000000000000e+03 3.010726796339612932e+00
8.701500000000000000e+03 4.429770200828343718e+00
8.901500000000000000e+03 2.981081071841015007e+00
9.101500000000000000e+03 3.923829465127635974e+00
9.301500000000000000e+03 3.515031412962669854e+00
9.501500000000000000e+03 3.609224813205559990e+00
9.701500000000000000e+03 4.101926494669516643e+00
9.901500000000000000e+03 3.316122840362967672e+00
1.010150000000000000e+04 3.611760072700537005e+00
1.030150000000000000e+04 3.976522662032278443e+00
1.050150000000000000e+04 3.082544736689456499e+00
1.070150000000000000e+04 3.338943965482446874e+00
1.090150000000000000e+04 3.006265079685687791e+00
1.110150000000000000e+04 3.362525546523406295e+00
1.130150000000000000e+04 2.903847139536829491e+00
1.150150000000000000e+04 3.556872399295013309e+00
1.170150000000000000e+04 2.838543951224714146e+00
1.190150000000000000e+04 3.145689122206682065e+00
1.210150000000000000e+04 2.853532543783105169e+00
1.230150000000000000e+04 4.205377867833526295e+00
