1.015000000000000000e+02 1.042367810268778712e-03
3.015000000000000000e+02 -9.425876034070006010e-05
5.015000000000000000e+02 7.652717098600138540e-04
7.015000000000000000e+02 2.187767148280314372e-04
9.015000000000000000e+02 3.740694615541142500e-04
1.101500000000000000e+03 5.407180009168711075e-04
1.301500000000000000e+03 6.714695571048412675e-04
1.501500000000000000e+03 1.086590280958097841e-03
1.701500000000000000e+03 1.089537395089101206e-03
1.901500000000000000e+03 9.415902164450402380e-04
2.101500000000000000e+03 1.347333123598119841e-03
2.301500000000000000e+03 1.446693547900847285e-03
2.501500000000000000e+03 1.720164658568592827e-03
2.701500000000000000e+03 1.341140655741749092e-03
2.901500000000000000e+03 1.621213293004017354e-03
3.101500000000000000e+03 1.692279347446073307e-03
3.301500000000000000e+03 1.864407548853068463e-03
3.501500000000000000e+03 2.448976822332370878e-03
3.701500000000000000e+03 2.071332603135946516e-03
3.901500000000000000e+03 2.143543982846169392e-03
4.101500000000000000e+03 1.804979649752229409e-03
4.301500000000000000e+03 1.902539799074668379e-03
4.501500000000000000e+03 2.211208982941483946e-03
4.701500000000000000e+03 1.846891096658604108e-03
4.901500000000000000e+03 2.132085788462187177e-03
5.101500000000000000e+03 1.849506072223278683e-03
5.301500000000000000e+03 1.818044433631475993e-03
5.501500000000000000e+03 2.660913778636547593e-03
5.701500000000000000e+03 2.422209458236970758e-03
5.901500000000000000e+03 1.815482420181149630e-03
6.101500000000000000e+03 2.258569149711424015e-03
6.301500000000000000e+03 2.256632435744658841e-03
6.501500000000000000e+03 2.230164670014270819e-03
6.701500000000000000e+03 2.118727329009589908e-03
6.901500000000000000e+03 2.388381624314197312e-03
7.101500000000000000e+03 2.151816071842589141e-03
7.301500000000000000e+03 2.047320901350086191e-03
7.501500000000000000e+03 1.981676823459439882e-03
7.701500000000000000e+03 2.036304304790325422e-03
7.901500000000000000e+03 1.951842262764436151e-03
8.101500000000000000e+03 2.053617305727646961e-03
8.301500000000000000e+03 2.255322184810600993e-03
8.501500000000000000e+03 1.559465934657259037e-03
8.701500000000000000e+03 2.294487738904560804e-03
8.901500000000000000e+03 1.544110319159229224e-03
9.101500000000000000e+03 2.032425677912140516e-03
9.301500000000000000e+03 1.820680569376656368e-03
9.501500000000000000e+03 1.869469938260293366e-03
9.701500000000000000e+03 2.124674590363230531e-03
9.901500000000000000e+03 1.717651886353527193e-03
1.010150000000000000e+04 1.870783093964818559e-03
1.030150000000000000e+04 2.059719160134117558e-03
1.050150000000000000e+04 1.596665488020037292e-03
1.070150000000000000e+04 1.729472565560619514e-03
1.090150000000000000e+04 1.557154869854938343e-03
1.110150000000000000e+04 1.741687150612724558e-03
1.130150000000000000e+04 1.504105472384759286e-03
1.150150000000000000e+04 1.842352987185582203e-03
1.170150000000000000e+04 1.470280367549965314e-03
1.190150000000000000e+04 1.629372386065586643e-03
1.210150000000000000e+04 1.478044044324998071e-03
1.230150000000000000e+04 2.178259274310540960e-03
