1.015000000000000000e+02 4.326636129330413496e+02
3.015000000000000000e+02 -9.186876449851153836e+01
5.015000000000000000e+02 4.781291688342613355e+01
7.015000000000000000e+02 2.967981617049000320e+01
9.015000000000000000e+02 9.119147755003329081e+00
1.101500000000000000e+03 2.070947242584727732e+01
1.301500000000000000e+03 2.175330498711545602e+01
1.501500000000000000e+03 3.433522886278964847e+01
1.701500000000000000e+03 3.791475135674789243e+01
1.901500000000000000e+03 6.467072178818354189e+01
2.101500000000000000e+03 3.218769143452378501e+01
2.301500000000000000e+03 6.448526769775661194e+01
2.501500000000000000e+03 5.929358454980790327e+01
2.701500000000000000e+03 6.997297767859529927e+01
2.901500000000000000e+03 6.464733275686515412e+01
3.101500000000000000e+03 8.979970900795265720e+01
3.301500000000000000e+03 9.357371941091906820e+01
3.501500000000000000e+03 1.187279291844846227e+02
3.701500000000000000e+03 1.500467838263932379e+02
3.901500000000000000e+03 1.558567072917151393e+02
4.101500000000000000e+03 1.505277962360850097e+02
4.301500000000000000e+03 1.457003873639952758e+02
4.501500000000000000e+03 1.714352279344323335e+02
4.701500000000000000e+03 2.157662985605509789e+02
4.901500000000000000e+03 2.322128052246292214e+02
5.101500000000000000e+03 1.790000129538489091e+02
5.301500000000000000e+03 1.882389413707441577e+02
5.501500000000000000e+03 2.593009429719027708e+02
5.701500000000000000e+03 3.121475628312866775e+02
5.901500000000000000e+03 2.711478139621960963e+02
6.101500000000000000e+03 3.291889861733149587e+02
6.301500000000000000e+03 2.721588595159699366e+02
6.501500000000000000e+03 3.692856467672665985e+02
6.701500000000000000e+03 3.506572377852137947e+02
6.901500000000000000e+03 3.296928672768709703e+02
7.101500000000000000e+03 3.369290687429210038e+02
7.301500000000000000e+03 4.228061815153095040e+02
7.501500000000000000e+03 3.461478182135658699e+02
7.701500000000000000e+03 4.368771467715677090e+02
7.901500000000000000e+03 4.312522671076133634e+02
8.101500000000000000e+03 4.874906683311875213e+02
8.301500000000000000e+03 5.384575772562460543e+02
8.501500000000000000e+03 5.112555977601418817e+02
8.701500000000000000e+03 5.413962140573555644e+02
8.901500000000000000e+03 5.561199347351954430e+02
9.101500000000000000e+03 5.831396150841741246e+02
9.301500000000000000e+03 5.678471397059558967e+02
9.501500000000000000e+03 6.628050007305240570e+02
9.701500000000000000e+03 6.139174318224551143e+02
9.901500000000000000e+03 6.943076351832734190e+02
1.010150000000000000e+04 7.317511743545546778e+02
1.030150000000000000e+04 7.232551209479258887e+02
1.050150000000000000e+04 7.709967230412665913e+02
1.070150000000000000e+04 7.843045391508314879e+02
1.090150000000000000e+04 7.151025746208040346e+02
1.110150000000000000e+04 8.270718164580365510e+02
1.130150000000000000e+04 9.443814820143369388e+02
1.150150000000000000e+04 6.897192310831154600e+02
1.170150000000000000e+04 9.300459804953068215e+02
1.190150000000000000e+04 9.156520315230156939e+02
1.210150000000000000e+04 9.128199989595671013e+02
1.230150000000000000e+04 1.298481264488474608e+03
