1.015000000000000000e+02 6.062357304984630768e-02
3.015000000000000000e+02 1.053972503627811586e+00
5.015000000000000000e+02 1.296031000332101391e+00
7.015000000000000000e+02 2.008187879999249859e+00
9.015000000000000000e+02 5.225589755589962415e+00
1.101500000000000000e+03 9.211295766133844154e+00
1.301500000000000000e+03 1.408804158617663660e+01
1.501500000000000000e+03 1.878505209374858609e+01
1.701500000000000000e+03 1.741945284291579554e+01
1.901500000000000000e+03 1.808654401747232399e+01
2.101500000000000000e+03 3.113775452642860841e+01
2.301500000000000000e+03 4.143037779565285916e+01
2.501500000000000000e+03 5.336059737655755697e+01
2.701500000000000000e+03 5.700089522117630736e+01
2.901500000000000000e+03 4.854295318158725081e+01
3.101500000000000000e+03 5.591798401801760576e+01
3.301500000000000000e+03 7.862324704287831878e+01
3.501500000000000000e+03 9.957180862663469156e+01
3.701500000000000000e+03 9.973282647227452458e+01
3.901500000000000000e+03 1.084690423876116085e+02
4.101500000000000000e+03 1.057564052559329895e+02
4.301500000000000000e+03 1.067480219967588226e+02
4.501500000000000000e+03 1.516417151904983314e+02
4.701500000000000000e+03 1.871129837154154529e+02
4.901500000000000000e+03 1.787889466017328743e+02
5.101500000000000000e+03 1.729260917848353074e+02
5.301500000000000000e+03 1.733878983254660398e+02
5.501500000000000000e+03 1.948680298499947412e+02
5.701500000000000000e+03 2.417864334003242845e+02
5.901500000000000000e+03 2.772237912787251162e+02
6.101500000000000000e+03 2.656723389277456704e+02
6.301500000000000000e+03 2.466831861515244668e+02
6.501500000000000000e+03 2.712308549518604082e+02
6.701500000000000000e+03 2.990152647205134713e+02
6.901500000000000000e+03 3.640542641199297691e+02
7.101500000000000000e+03 3.983488356954442224e+02
7.301500000000000000e+03 3.911724868035788063e+02
7.501500000000000000e+03 3.420036240907276692e+02
7.701500000000000000e+03 3.629196054469859973e+02
7.901500000000000000e+03 4.409987389043996018e+02
8.101500000000000000e+03 5.095380520143259560e+02
8.301500000000000000e+03 5.196187996588382703e+02
8.501500000000000000e+03 4.787499957041792413e+02
8.701500000000000000e+03 4.804391589771950635e+02
8.901500000000000000e+03 5.185907130920877535e+02
9.101500000000000000e+03 5.799414100628581537e+02
9.301500000000000000e+03 6.685924851562225513e+02
9.501500000000000000e+03 6.863601517715031832e+02
9.701500000000000000e+03 6.248374914084507736e+02
9.901500000000000000e+03 6.008902740620383156e+02
1.010150000000000000e+04 6.617476341558151489e+02
1.030150000000000000e+04 7.945835798973533883e+02
1.050150000000000000e+04 8.140155624865984691e+02
1.070150000000000000e+04 8.333716218538137355e+02
1.090150000000000000e+04 7.637072641949936269e+02
1.110150000000000000e+04 7.780877364930425983e+02
1.130150000000000000e+04 8.979700313887883567e+02
1.150150000000000000e+04 9.656697936615680646e+02
1.170150000000000000e+04 1.042069101089622336e+03
1.190150000000000000e+04 1.015324582959809391e+03
1.210150000000000000e+04 8.923920257150205089e+02
1.230150000000000000e+04 1.260105281415436593e+03
