1.015000000000000000e+02 5.549571195507342625e-02
3.015000000000000000e+02 9.829731419745014742e-01
5.015000000000000000e+02 1.159169652796109284e+00
7.015000000000000000e+02 1.702102517074416399e+00
9.015000000000000000e+02 4.686964668366011111e+00
1.101500000000000000e+03 8.484037100307732615e+00
1.301500000000000000e+03 1.269226774023988646e+01
1.501500000000000000e+03 1.727242806146994880e+01
1.701500000000000000e+03 1.565586817957337473e+01
1.901500000000000000e+03 1.573341304578189792e+01
2.101500000000000000e+03 2.818400667820242589e+01
2.301500000000000000e+03 3.769601661081430422e+01
2.501500000000000000e+03 4.934101475220989386e+01
2.701500000000000000e+03 5.156990089647807451e+01
2.901500000000000000e+03 4.326829426495352493e+01
3.101500000000000000e+03 4.986606734826916210e+01
3.301500000000000000e+03 7.078304310653371090e+01
3.501500000000000000e+03 9.140664898634206281e+01
3.701500000000000000e+03 9.015065728734388983e+01
3.901500000000000000e+03 9.791851497840620766e+01
4.101500000000000000e+03 9.545515840621831671e+01
4.301500000000000000e+03 9.487590291088658034e+01
4.501500000000000000e+03 1.379310097708675471e+02
4.701500000000000000e+03 1.707594692792826834e+02
4.901500000000000000e+03 1.637199723492218482e+02
5.101500000000000000e+03 1.551027461801206471e+02
5.301500000000000000e+03 1.537398936205330244e+02
5.501500000000000000e+03 1.761232733269055188e+02
5.701500000000000000e+03 2.190713283103521576e+02
5.901500000000000000e+03 2.530098608278765937e+02
6.101500000000000000e+03 2.400336100928799112e+02
6.301500000000000000e+03 2.211265043993587085e+02
6.501500000000000000e+03 2.433240731983897263e+02
6.701500000000000000e+03 2.690758371497822736e+02
6.901500000000000000e+03 3.326636729455883028e+02
7.101500000000000000e+03 3.623235497877353168e+02
7.301500000000000000e+03 3.554163522271123838e+02
7.501500000000000000e+03 3.051772202607849067e+02
7.701500000000000000e+03 3.223241499922397111e+02
7.901500000000000000e+03 3.998256448118343087e+02
8.101500000000000000e+03 4.634899510887173051e+02
8.301500000000000000e+03 4.716172184925878810e+02
8.501500000000000000e+03 4.301715574721456505e+02
8.701500000000000000e+03 4.322173072966264726e+02
8.901500000000000000e+03 4.671736701348548877e+02
9.101500000000000000e+03 5.231263279789325225e+02
9.301500000000000000e+03 6.114559169245735575e+02
9.501500000000000000e+03 6.215782116641746597e+02
9.701500000000000000e+03 5.623213224783510213e+02
9.901500000000000000e+03 5.363378705444768002e+02
1.010150000000000000e+04 5.923657293224434852e+02
1.030150000000000000e+04 7.231685330452360176e+02
1.050150000000000000e+04 7.380073911845432804e+02
1.070150000000000000e+04 7.566466405232948773e+02
1.090150000000000000e+04 6.823174096685880841e+02
1.110150000000000000e+04 6.987845544127497988e+02
1.130150000000000000e+04 8.173015015348773886e+02
1.150150000000000000e+04 8.713860379810660106e+02
1.170150000000000000e+04 9.473399856798405381e+02
1.190150000000000000e+04 9.197501063564903916e+02
1.210150000000000000e+04 7.981655555801612536e+02
1.230150000000000000e+04 1.128709585871778245e+03
