1.015000000000000000e+02 1.976602405019003982e+03
3.015000000000000000e+02 -4.073665043891182336e+02
5.015000000000000000e+02 2.031203698603435441e+02
7.015000000000000000e+02 1.416234974879510276e+02
9.015000000000000000e+02 4.189589757708915840e+01
1.101500000000000000e+03 9.061905002010638555e+01
1.301500000000000000e+03 9.831718908157741055e+01
1.501500000000000000e+03 1.555834258134711661e+02
1.701500000000000000e+03 1.833846371032238096e+02
1.901500000000000000e+03 3.029112835062474574e+02
2.101500000000000000e+03 1.538049372591946735e+02
2.301500000000000000e+03 3.166666490303601904e+02
2.501500000000000000e+03 2.674218609669110833e+02
2.701500000000000000e+03 3.181197489454310130e+02
2.901500000000000000e+03 3.051736919927081431e+02
3.101500000000000000e+03 4.497162754409615673e+02
3.301500000000000000e+03 4.359342033475297740e+02
3.501500000000000000e+03 5.526083704667397569e+02
3.701500000000000000e+03 7.546542546407009695e+02
3.901500000000000000e+03 7.117567782470445081e+02
4.101500000000000000e+03 7.117070635565227121e+02
4.301500000000000000e+03 6.998448550529437853e+02
4.501500000000000000e+03 8.291542586457059087e+02
4.701500000000000000e+03 1.016962705168904449e+03
4.901500000000000000e+03 1.066592031581168840e+03
5.101500000000000000e+03 8.876937363040958644e+02
5.301500000000000000e+03 9.635705621522261026e+02
5.501500000000000000e+03 1.250641820127004394e+03
5.701500000000000000e+03 1.392712626972469707e+03
5.901500000000000000e+03 1.398629845590875448e+03
6.101500000000000000e+03 1.545467882442815380e+03
6.301500000000000000e+03 1.422964343697128697e+03
6.501500000000000000e+03 1.711484871699844234e+03
6.701500000000000000e+03 1.675719389000866158e+03
6.901500000000000000e+03 1.519369253009054319e+03
7.101500000000000000e+03 1.668263077185871225e+03
7.301500000000000000e+03 2.045023310672612752e+03
7.501500000000000000e+03 1.616103901343668667e+03
7.701500000000000000e+03 2.095948896020907341e+03
7.901500000000000000e+03 2.030792690773354252e+03
8.101500000000000000e+03 2.507788580798324347e+03
8.301500000000000000e+03 2.514636568337826247e+03
8.501500000000000000e+03 2.493385524544508826e+03
8.701500000000000000e+03 2.676359597896059768e+03
8.901500000000000000e+03 2.628138642102584981e+03
9.101500000000000000e+03 2.710064946092210448e+03
9.301500000000000000e+03 2.773036458441256400e+03
9.501500000000000000e+03 3.090433879926636564e+03
9.701500000000000000e+03 2.904964897636047681e+03
9.901500000000000000e+03 3.230518891059644375e+03
1.010150000000000000e+04 3.527188724067038947e+03
1.030150000000000000e+04 3.430872364913729143e+03
1.050150000000000000e+04 3.606389694816111842e+03
1.070150000000000000e+04 3.721121423756630975e+03
1.090150000000000000e+04 3.596830602684750829e+03
1.110150000000000000e+04 3.807534058678228575e+03
1.130150000000000000e+04 4.459550025087512040e+03
1.150150000000000000e+04 3.569994203856041167e+03
1.170150000000000000e+04 4.398942377813109488e+03
1.190150000000000000e+04 4.511240686227367405e+03
1.210150000000000000e+04 4.256576678802397510e+03
1.230150000000000000e+04 6.144221576219552844e+03
