1.015000000000000000e+02 1.902017742058570660e+00
3.015000000000000000e+02 -1.719947891723739575e-01
5.015000000000000000e+02 1.396398043567109060e+00
7.015000000000000000e+02 3.992038072319580855e-01
9.015000000000000000e+02 6.825678435934651178e-01
1.101500000000000000e+03 9.866529072171525971e-01
1.301500000000000000e+03 1.225236418655097470e+00
1.501500000000000000e+03 1.982710865505127984e+00
1.701500000000000000e+03 1.988088491475964892e+00
1.901500000000000000e+03 1.718127983881879484e+00
2.101500000000000000e+03 2.458490623685825049e+00
2.301500000000000000e+03 2.639794471700893208e+00
2.501500000000000000e+03 3.138799630762347803e+00
2.701500000000000000e+03 2.447191196962352322e+00
2.901500000000000000e+03 2.958242169933303689e+00
3.101500000000000000e+03 3.087917056423639117e+00
3.301500000000000000e+03 3.402000928394893542e+00
3.501500000000000000e+03 4.468669620850939772e+00
3.701500000000000000e+03 3.779578864838926133e+00
3.901500000000000000e+03 3.911343609727442772e+00
4.101500000000000000e+03 3.293562303847672457e+00
4.301500000000000000e+03 3.471581179248115046e+00
4.501500000000000000e+03 4.034812529943756942e+00
4.701500000000000000e+03 3.370038424277084665e+00
4.901500000000000000e+03 3.890435761920718161e+00
5.101500000000000000e+03 3.374810039398519201e+00
5.301500000000000000e+03 3.317401685731531824e+00
5.501500000000000000e+03 4.855392801693053428e+00
5.701500000000000000e+03 4.419826954946505460e+00
5.901500000000000000e+03 3.312726782087772381e+00
6.101500000000000000e+03 4.121230937610378398e+00
6.301500000000000000e+03 4.117697118983406845e+00
6.501500000000000000e+03 4.069401086954000490e+00
6.701500000000000000e+03 3.866060448698921626e+00
6.901500000000000000e+03 4.358100984962618440e+00
7.101500000000000000e+03 3.926437781731557219e+00
7.301500000000000000e+03 3.735764440731089042e+00
7.501500000000000000e+03 3.615983080604890709e+00
7.701500000000000000e+03 3.715662392614634602e+00
7.901500000000000000e+03 3.561543809566320995e+00
8.101500000000000000e+03 3.747253561330334826e+00
8.301500000000000000e+03 4.115306257742394003e+00
8.501500000000000000e+03 2.845571197008196052e+00
8.701500000000000000e+03 4.186772048096021770e+00
8.901500000000000000e+03 2.817551742744262899e+00
9.101500000000000000e+03 3.708585028762244384e+00
9.301500000000000000e+03 3.322211825799025409e+00
9.501500000000000000e+03 3.411238252275627048e+00
9.701500000000000000e+03 3.876912408855221148e+00
9.901500000000000000e+03 3.134214568795298916e+00
1.010150000000000000e+04 3.413634454066073687e+00
1.030150000000000000e+04 3.758387672367648147e+00
1.050150000000000000e+04 2.913449586575338923e+00
1.070150000000000000e+04 3.155783747377579829e+00
1.090150000000000000e+04 2.841354246202059119e+00
1.110150000000000000e+04 3.178071854030613874e+00
1.130150000000000000e+04 2.744554570702902208e+00
1.150150000000000000e+04 3.361757664068100837e+00
1.170150000000000000e+04 2.682833604125205440e+00
1.190150000000000000e+04 2.973130112263410840e+00
1.210150000000000000e+04 2.697000001311075312e+00
1.230150000000000000e+04 3.974688852113441584e+00
