1.015000000000000000e+02 7.890389798952206213e-02
3.015000000000000000e+02 1.391675915943187514e+00
5.015000000000000000e+02 1.598370846269139944e+00
7.015000000000000000e+02 2.245795020243347651e+00
9.015000000000000000e+02 6.452733998702042229e+00
1.101500000000000000e+03 1.192515355772385455e+01
1.301500000000000000e+03 1.739352357230255208e+01
1.501500000000000000e+03 2.431213849530827176e+01
1.701500000000000000e+03 2.161309344552937972e+01
1.901500000000000000e+03 2.109124350238071344e+01
2.101500000000000000e+03 3.919586169485452842e+01
2.301500000000000000e+03 5.227229776643014958e+01
2.501500000000000000e+03 6.968406352518289282e+01
2.701500000000000000e+03 7.141039141015632197e+01
2.901500000000000000e+03 5.946240439987441562e+01
3.101500000000000000e+03 6.841642362414589229e+01
3.301500000000000000e+03 9.742184088642461859e+01
3.501500000000000000e+03 1.283046455514059971e+02
3.701500000000000000e+03 1.241633729142310330e+02
3.901500000000000000e+03 1.354120234184412368e+02
4.101500000000000000e+03 1.326340158098990116e+02
4.301500000000000000e+03 1.295326051249370494e+02
4.501500000000000000e+03 1.920090898275036011e+02
4.701500000000000000e+03 2.378308456096167163e+02
4.901500000000000000e+03 2.296410056588998430e+02
5.101500000000000000e+03 2.127269112786833603e+02
5.301500000000000000e+03 2.096735388758051783e+02
5.501500000000000000e+03 2.446959612537723103e+02
5.701500000000000000e+03 3.027398278350852365e+02
5.901500000000000000e+03 3.527111690270130566e+02
6.101500000000000000e+03 3.317127069514963864e+02
6.301500000000000000e+03 3.038991081053796961e+02
6.501500000000000000e+03 3.352055084439477355e+02
6.701500000000000000e+03 3.709213532423643755e+02
6.901500000000000000e+03 4.650532530916525502e+02
7.101500000000000000e+03 5.026974334013347061e+02
7.301500000000000000e+03 4.953889800859228671e+02
7.501500000000000000e+03 4.175178129236294922e+02
7.701500000000000000e+03 4.383196291922506020e+02
7.901500000000000000e+03 5.561381353608052223e+02
8.101500000000000000e+03 6.429664608262780803e+02
8.301500000000000000e+03 6.543014985622734230e+02
8.501500000000000000e+03 5.920626236273635641e+02
8.701500000000000000e+03 5.970311786205422777e+02
8.901500000000000000e+03 6.450144039366150537e+02
9.101500000000000000e+03 7.208584390802789130e+02
9.301500000000000000e+03 8.555364089868164683e+02
9.501500000000000000e+03 8.595263218719601355e+02
9.701500000000000000e+03 7.756854388820192980e+02
9.901500000000000000e+03 7.361866288469312849e+02
1.010150000000000000e+04 8.100665035139277279e+02
1.030150000000000000e+04 1.006757053601463781e+03
1.050150000000000000e+04 1.021422795641300922e+03
1.070150000000000000e+04 1.051248222961040710e+03
1.090150000000000000e+04 9.340060043581472655e+02
1.110150000000000000e+04 9.628608977613691877e+02
1.130150000000000000e+04 1.140471337095486433e+03
1.150150000000000000e+04 1.199202028179642866e+03
1.170150000000000000e+04 1.317309460017612537e+03
1.190150000000000000e+04 1.274935610185970972e+03
1.210150000000000000e+04 1.094111483090359570e+03
1.230150000000000000e+04 1.550452038236400313e+03
