1.015000000000000000e+02 1.005470606862973426e+01
3.015000000000000000e+02 -9.092223656243273444e-01
5.015000000000000000e+02 7.381830125287992317e+00
7.015000000000000000e+02 2.110325726967601234e+00
9.015000000000000000e+02 3.608283401446162220e+00
1.101500000000000000e+03 5.215779430159391161e+00
1.301500000000000000e+03 6.477012194093223485e+00
1.501500000000000000e+03 1.048127704213125710e+01
1.701500000000000000e+03 1.050970504439288433e+01
1.901500000000000000e+03 9.082602840757028062e+00
2.101500000000000000e+03 1.299640917114935412e+01
2.301500000000000000e+03 1.395484232275338066e+01
2.501500000000000000e+03 1.659275151480743205e+01
2.701500000000000000e+03 1.293667661882886577e+01
2.901500000000000000e+03 1.563826405998489832e+01
3.101500000000000000e+03 1.632376909731753045e+01
3.301500000000000000e+03 1.798412206496221444e+01
3.501500000000000000e+03 2.362289188811723406e+01
3.701500000000000000e+03 1.998012640684184404e+01
3.901500000000000000e+03 2.067667921448337154e+01
4.101500000000000000e+03 1.741087920194020455e+01
4.301500000000000000e+03 1.835194684158978262e+01
4.501500000000000000e+03 2.132937742702102568e+01
4.701500000000000000e+03 1.781515778546479822e+01
4.901500000000000000e+03 2.056615333508700161e+01
5.101500000000000000e+03 1.784038213953057195e+01
5.301500000000000000e+03 1.753690244075596638e+01
5.501500000000000000e+03 2.566724106584898735e+01
5.701500000000000000e+03 2.336469337016920633e+01
5.901500000000000000e+03 1.751218930529174855e+01
6.101500000000000000e+03 2.178621479163980368e+01
6.301500000000000000e+03 2.176753357363611130e+01
6.501500000000000000e+03 2.151222442918051669e+01
6.701500000000000000e+03 2.043729733972747908e+01
6.901500000000000000e+03 2.303838922819239343e+01
7.101500000000000000e+03 2.075647213786793799e+01
7.301500000000000000e+03 1.974850880729005809e+01
7.501500000000000000e+03 1.911530463001067304e+01
7.701500000000000000e+03 1.964224275558834876e+01
7.901500000000000000e+03 1.882751983846380739e+01
8.101500000000000000e+03 1.980924428656599545e+01
8.301500000000000000e+03 2.175489451361751847e+01
8.501500000000000000e+03 1.504264769111770050e+01
8.701500000000000000e+03 2.213268701677863604e+01
8.901500000000000000e+03 1.489452728248126157e+01
9.101500000000000000e+03 1.960482948668303749e+01
9.301500000000000000e+03 1.756233054594409637e+01
9.501500000000000000e+03 1.803295426114194910e+01
9.701500000000000000e+03 2.049466470237225835e+01
9.901500000000000000e+03 1.656851331145427864e+01
1.010150000000000000e+04 1.804562121212657289e+01
1.030150000000000000e+04 1.986810277437390582e+01
1.050150000000000000e+04 1.540147558749445800e+01
1.070150000000000000e+04 1.668253575512940046e+01
1.090150000000000000e+04 1.502035560246263124e+01
1.110150000000000000e+04 1.680035827701593831e+01
1.130150000000000000e+04 1.450863961091164533e+01
1.150150000000000000e+04 1.777138330399835198e+01
1.170150000000000000e+04 1.418236180535332380e+01
1.190150000000000000e+04 1.571696695910717168e+01
1.210150000000000000e+04 1.425725041167533291e+01
1.230150000000000000e+04 2.101154370256391601e+01
