1.015000000000000000e+02 1.326832277515548594e+04
3.015000000000000000e+02 -2.741833952937352024e+03
5.015000000000000000e+02 1.409934504726345267e+03
7.015000000000000000e+02 8.858579798464799069e+02
9.015000000000000000e+02 3.643494011594449375e+02
1.101500000000000000e+03 5.521257658367209160e+02
1.301500000000000000e+03 7.297367374560494682e+02
1.501500000000000000e+03 1.142457352676583469e+03
1.701500000000000000e+03 1.306607073642193427e+03
1.901500000000000000e+03 2.018369391699684684e+03
2.101500000000000000e+03 1.103996328557573406e+03
2.301500000000000000e+03 2.076739853143498294e+03
2.501500000000000000e+03 2.112212322155234688e+03
2.701500000000000000e+03 2.319016132133132487e+03
2.901500000000000000e+03 2.287146909819642588e+03
3.101500000000000000e+03 3.092698403816316386e+03
3.301500000000000000e+03 3.124585403234346813e+03
3.501500000000000000e+03 4.061688105855358117e+03
3.701500000000000000e+03 5.071341787139997905e+03
3.901500000000000000e+03 5.486299386054277420e+03
4.101500000000000000e+03 4.928841711103402304e+03
4.301500000000000000e+03 4.707662966049563693e+03
4.501500000000000000e+03 5.960136492833095872e+03
4.701500000000000000e+03 6.878479069998999876e+03
4.901500000000000000e+03 7.497142330192994450e+03
5.101500000000000000e+03 6.348183425053596693e+03
5.301500000000000000e+03 6.589406403346818479e+03
5.501500000000000000e+03 9.063638890193868065e+03
5.701500000000000000e+03 9.855680645959020694e+03
5.901500000000000000e+03 9.767502070929986075e+03
6.101500000000000000e+03 1.089316865481932109e+04
6.301500000000000000e+03 1.014721243408681948e+04
6.501500000000000000e+03 1.271079922087052364e+04
6.701500000000000000e+03 1.244964523532161729e+04
6.901500000000000000e+03 1.129466016579559437e+04
7.101500000000000000e+03 1.185435609512266092e+04
7.301500000000000000e+03 1.445252908758145895e+04
7.501500000000000000e+03 1.064005110293933831e+04
7.701500000000000000e+03 1.485755695066358203e+04
7.901500000000000000e+03 1.536729351257864982e+04
8.101500000000000000e+03 1.745530688364193338e+04
8.301500000000000000e+03 1.878387904836950838e+04
8.501500000000000000e+03 1.780644977726122670e+04
8.701500000000000000e+03 1.871423808194789308e+04
8.901500000000000000e+03 1.919821575425161063e+04
9.101500000000000000e+03 1.964032870660826302e+04
9.301500000000000000e+03 2.060233729642296385e+04
9.501500000000000000e+03 2.223920740260091770e+04
9.701500000000000000e+03 2.202464140526191841e+04
9.901500000000000000e+03 2.366939452018712109e+04
1.010150000000000000e+04 2.461371402815851980e+04
1.030150000000000000e+04 2.466018584776393254e+04
1.050150000000000000e+04 2.616301380722822068e+04
1.070150000000000000e+04 2.747483298144133732e+04
1.090150000000000000e+04 2.421470550319339600e+04
1.110150000000000000e+04 2.838966661783082964e+04
1.130150000000000000e+04 3.235075074369753202e+04
1.150150000000000000e+04 2.471134807940741666e+04
1.170150000000000000e+04 3.222130734162997760e+04
1.190150000000000000e+04 3.262517943033209303e+04
1.210150000000000000e+04 3.194306181168894182e+04
1.230150000000000000e+04 4.337884517956826312e+04
