8.483144908792237402e+03 -9.730469227360817968e+02 1.269242193517082598e+02 -2.066018643298077606e+01 2.919574376341102173e+00 -5.815155038101020857e-01 6.700440180971846404e-02 -1.923790729588863851e-02 1.583095648858206389e-03 -5.100024606055710051e-04 4.006333559127980783e-05 -9.733225891564561950e-05 -9.494925095812219141e-05 -7.630161408426466688e-05 -4.605691363930446462e-05 -2.321802286566118431e-05 -1.065956708055265553e-05 -5.799926864196524543e-06 -4.650227122413800039e-06 -4.408661230585331954e-06 -3.883518339723695520e-06 -2.979690290091742736e-06 -2.016585626032829775e-06 -1.277240632545968040e-06 -8.503788694850676535e-07 -6.658850630678784413e-07 -5.970083647240390169e-07 -5.430317113461464449e-07 -4.617380414107977362e-07 -3.596313012394668611e-07 -2.633144998188147939e-07 -1.938740223628217255e-07 -1.554639678992454157e-07 -1.380422360157373117e-07 -1.272656222113530124e-07 -1.134261019844236717e-07 -9.473086211058760786e-08 -7.500081126150665269e-08 -5.899875352311168797e-08 -4.890489746030354840e-08 -4.362250258375384506e-08 -4.035245550470350206e-08 -3.671189525981831819e-08 -3.192180299597592478e-08 -2.664713265438943764e-08 -2.203340086994329055e-08 -1.878618414370674893e-08 -1.683017076967183048e-08 -1.555825339214404814e-08 -1.432686805639744295e-08 -1.282350183146589713e-08 -1.113014896324006604e-08 -9.538655249723445766e-09 -8.299466963007154925e-09 -7.467883390877984875e-09 -6.912332416598790361e-09 -6.423935290768464392e-09 -5.888348845667257611e-09 -5.194306342140005019e-09 -4.798079528888234737e-09 -3.547042021064338349e-09 -5.520542153852104744e-09
-1.019371831956606547e+04 2.389706706391334228e+04 -3.909053049032311719e+03 5.238821880369054043e+02 -9.832767052418819276e+01 1.193398762473042041e+01 -3.213799703237936178e+00 1.868554773263007007e-01 -1.267715764796804867e-01 1.025992080219876950e-04 -4.853467267566748469e-03 -1.639007055673417750e-03 -2.214749794194074018e-03 -1.831270330941472870e-03 -1.263582396267209007e-03 -7.265123676644027334e-04 -3.775372333731044790e-04 -2.037634511508839923e-04 -1.375007331742660174e-04 -1.145850667296629752e-04 -9.857973262405287404e-05 -7.836437982672775208e-05 -5.637046308031215791e-05 -3.792906492517647728e-05 -2.579747279230424947e-05 -1.937314442272107539e-05 -1.629138133524370000e-05 -1.427372626101777466e-05 -1.211037384042076372e-05 -9.666678635427327089e-06 -7.355051965158087928e-06 -5.580596917503541734e-06 -4.456410996936508306e-06 -3.817167390189589832e-06 -3.393419402261737690e-06 -2.982582361123105127e-06 -2.521296570024534683e-06 -2.055294252445354196e-06 -1.661186520627412011e-06 -1.381362185770175680e-06 -1.203880990283167027e-06 -1.082724419419351810e-06 -9.723971408672503534e-07 -8.515710347132764792e-07 -7.253061472302683688e-07 -6.113251315927673962e-07 -5.234550843359581069e-07 -4.628984082762673045e-07 -4.200704269222756638e-07 -3.826480099820181088e-07 -3.430901741744520268e-07 -3.012060756625575736e-07 -2.616181140723700951e-07 -2.290813407121064759e-07 -2.051074846807040457e-07 -1.875088689809903469e-07 -1.726602405283833704e-07 -1.570835586614997673e-07 -1.424932951931228922e-07 -1.228153750233778599e-07 -1.208460078726779496e-07 -1.118092741288524851e-07
-4.101200846160805327e+02 -8.616490538286674564e+03 2.498887079214970800e+04 -4.593520747269158164e+03 6.306363268616337336e+02 -1.262933581565172148e+02 1.438994980585019157e+01 -4.471217931811757751e+00 1.466009305804206464e-01 -1.991242531019395967e-01 -9.931764877811307193e-03 -1.013833630990311312e-02 -4.019141510035700686e-03 -4.204227157002902483e-03 -3.374745467177908947e-03 -2.363228110292246026e-03 -1.438523477706870951e-03 -8.183171561547864133e-04 -4.815423366475022520e-04 -3.260527228257039832e-04 -2.535651414497296714e-04 -2.056732503485212587e-04 -1.611661232350780615e-04 -1.194929576765369091e-04 -8.560944134425111632e-05 -6.204463243684247003e-05 -4.747512762575429327e-05 -3.857477095680501551e-05 -3.223706889257257170e-05 -2.671774030025583199e-05 -2.159675765375000200e-05 -1.713555532248823426e-05 -1.363705110387555469e-05 -1.112882443354007676e-05 -9.374616843356128439e-06 -8.050453724159069925e-06 -6.911830238113030872e-06 -5.860229650047349996e-06 -4.910343868197780199e-06 -4.112953892107159279e-06 -3.491720105263449209e-06 -3.023081071206885636e-06 -2.654350136213194287e-06 -2.335378409029468743e-06 -2.040022006081751329e-06 -1.767612941628351551e-06 -1.529721376537242060e-06 -1.334690981139927203e-06 -1.179873875311652979e-06 -1.053756575246195947e-06 -9.434602651285650041e-07 -8.412126829836328269e-07 -7.459966533014567676e-07 -6.607879450690381480e-07 -5.882525815586815267e-07 -5.285651552184109676e-07 -4.777193945698344712e-07 -4.365373642050943476e-07 -3.867961767985979569e-07 -3.788297415485054742e-07 -3.065928472386729722e-07 -2.346666898698926754e-07
-1.400976351557956377e+03 1.065357698865823295e+03 -7.741884240655980648e+03 2.523608507689616454e+04 -4.929112699707514366e+03 6.853233646776965315e+02 -1.436574327638701902e+02 1.549392565988125270e+01 -5.422611251107229080e+00 6.620319108861666413e-02 -2.639768666402800279e-01 -2.037060900398895633e-02 -1.395059316282065698e-02 -5.545806059368535608e-03 -5.828026887673650770e-03 -4.921775047260695118e-03 -3.597710793070391534e-03 -2.270051048040538488e-03 -1.314312197965695041e-03 -7.639718929680357857e-04 -5.010375983169564930e-04 -3.845599712525279231e-04 -3.178275444458072497e-04 -2.578154559824634819e-04 -1.974874281002373495e-04 -1.438746060357863317e-04 -1.035499143937913374e-04 -7.745290466183255029e-05 -6.196297558101657957e-05 -5.213544768870441459e-05 -4.426047688232095836e-05 -3.673871603673549186e-05 -2.959904742453399153e-05 -2.349051247614860491e-05 -1.886670296956857786e-05 -1.567288141873532671e-05 -1.347078730129617295e-05 -1.174768328048123129e-05 -1.016592285791340111e-05 -8.636483628158147542e-06 -7.238158833265064203e-06 -6.080159189707889059e-06 -5.202698584945189791e-06 -4.556966609456210307e-06 -4.047487993794275249e-06 -3.590741568958152871e-06 -3.150091766296398123e-06 -2.733880338549301530e-06 -2.369224422825616125e-06 -2.074205994595373440e-06 -1.845035711914534024e-06 -1.660935363125128058e-06 -1.498386333184386789e-06 -1.343223383310699225e-06 -1.194783326537688525e-06 -1.058414323831504158e-06 -9.479751554009668120e-07 -8.412870750073820132e-07 -8.110227362577798042e-07 -6.965419805044246883e-07 -4.698493625828500450e-07 -4.871710370451476407e-07
-5.090124578874489885e+02 -6.076497877285322602e+02 1.052255599672944982e+03 -7.270617207345522729e+03 2.532854631587895710e+04 -5.133795197626508525e+03 7.192565399506760286e+02 -1.559436756388222705e+02 1.606050919381216957e+01 -6.183353231750339241e+00 -1.702240207336105926e-02 -3.181421796946774516e-01 -2.886448493918715788e-02 -1.679250889438422753e-02 -6.967815907313433185e-03 -7.545792684352727216e-03 -6.550060212098059512e-03 -4.832243467108672010e-03 -3.047298352947221730e-03 -1.748878924114987809e-03 -1.008530295412106773e-03 -6.671524147203857034e-04 -5.247547757465972733e-04 -4.429547162145452597e-04 -3.622290726574684113e-04 -2.764053153181253095e-04 -1.993142724462022592e-04 -1.424093445625105475e-04 -1.071296969647143595e-04 -8.729094666200202927e-05 -7.481426105490461423e-05 -6.404029130498571144e-05 -5.299384685930165695e-05 -4.230229034073449611e-05 -3.333516504998860808e-05 -2.684620771442811286e-05 -2.259321729183170260e-05 -1.971351134944012234e-05 -1.733431462894582527e-05 -1.498277968796653706e-05 -1.263802867816127593e-05 -1.052294573228924985e-05 -8.842376347873010702e-06 -7.632060698799674172e-06 -6.764987231629068054e-06 -6.057075659625510857e-06 -5.376921772587626484e-06 -4.692963831451966177e-06 -4.049088012033337566e-06 -3.504725755107536362e-06 -3.085495762731603976e-06 -2.770533237835990771e-06 -2.512786920999079478e-06 -2.271344798274388961e-06 -2.027847032432373709e-06 -1.800753274413370388e-06 -1.575088292793639222e-06 -1.475545747763234845e-06 -1.267972982025800844e-06 -9.415605754384738478e-07 -7.985121728577198153e-07 -8.192139817696241182e-07
-3.133551083220294800e+02 -6.948776637554033186e+01 -4.614237591691377247e+02 1.026296157990382426e+03 -7.001134339928992631e+03 2.537477747430485033e+04 -5.273051241332011159e+03 7.425286177437811830e+02 -1.651778265438321682e+02 1.637993819540473339e+01 -6.803077020771682193e+00 -9.462888225103903428e-02 -3.648402737279896058e-01 -3.699447256738805367e-02 -1.971509913566922220e-02 -8.516807176077596450e-03 -9.192955195087218132e-03 -8.021199888576503734e-03 -5.923282281340183121e-03 -3.742908522527302762e-03 -2.160288923669801894e-03 -1.261413115331593308e-03 -8.467298954055342813e-04 -6.698087385134051958e-04 -5.633402534727571711e-04 -4.579877966590263768e-04 -3.486499156857139690e-04 -2.526360896988759158e-04 -1.828343722272820831e-04 -1.395863482421318559e-04 -1.145387347180594159e-04 -9.785915309312606626e-05 -8.315198444352712114e-05 -6.849785983854405225e-05 -5.482843807957608472e-05 -4.365661793629457138e-05 -3.561514165695742852e-05 -3.019915582079500468e-05 -2.631594901747136975e-05 -2.299162586115618178e-05 -1.976920690832602683e-05 -1.668667526855821537e-05 -1.399872360858056527e-05 -1.188923698916216854e-05 -1.033889640592827082e-05 -9.168139019602788165e-06 -8.168518857833703952e-06 -7.213999758666526898e-06 -6.291311863555846480e-06 -5.456007277494134430e-06 -4.763414809465200484e-06 -4.223140723220396998e-06 -3.798603198603706105e-06 -3.431829380053987094e-06 -3.095897020718014654e-06 -2.736604750377734190e-06 -2.519772933414293941e-06 -2.149105117511540694e-06 -1.618443261508081440e-06 -1.429492291337594216e-06 -1.175703703231275370e-06 -1.263112482800250249e-06
-1.353506545206652447e+02 -8.239234870717987747e+01 -2.442608991466884660e+01 -3.931832768863257570e+02 1.002169381664585444e+03 -6.826494755518230704e+03 2.540112196349185979e+04 -5.373988999005669029e+03 7.595136175021515328e+02 -1.723799299778774241e+02 1.656631970885521454e+01 -7.320265468707261469e+00 -1.674311174849454631e-01 -4.066578980505227703e-01 -4.491462094568079294e-02 -2.242449736175302147e-02 -9.835204469269127198e-03 -1.059288428001005367e-02 -9.331045486082958224e-03 -6.948851975784702852e-03 -4.431726041016543875e-03 -2.580489789133315597e-03 -1.514379044942328013e-03 -1.014215121169488674e-03 -7.983684304848511458e-04 -6.712687648166568762e-04 -5.487736568368520654e-04 -4.217289427349171609e-04 -3.087100529369930769e-04 -2.248276915501826862e-04 -1.714831965175197300e-04 -1.399372472109059059e-04 -1.191623114407556398e-04 -1.015243373722381502e-04 -8.429534380610941447e-05 -6.812513683969573220e-05 -5.460661193380492346e-05 -4.456644160788783766e-05 -3.761820298218339375e-05 -3.264307769163312127e-05 -2.853349336831176672e-05 -2.467606511517515596e-05 -2.100207889028591547e-05 -1.773550776215516612e-05 -1.508611144465689594e-05 -1.307575643355444327e-05 -1.154622455914638119e-05 -1.027815790200740993e-05 -9.112554327205075810e-06 -8.001861894626970017e-06 -6.982299923613004394e-06 -6.110285893963290907e-06 -5.403646366065243642e-06 -4.852718913946771534e-06 -4.347551235216991123e-06 -4.038704328462823464e-06 -3.494739351640042970e-06 -2.703649031418745056e-06 -2.340536189186437205e-06 -1.990919730470546353e-06 -1.660685248580079182e-06 -1.813552157860729337e-06
-5.541966707231298273e+01 -2.796301045620296932e+01 -5.082574823508468853e+01 -7.831580624155051851e+00 -3.567976918207543235e+02 9.836780730440224261e+02 -6.704200248129965985e+03 2.541760994060895246e+04 -5.450533985354843935e+03 7.724616645856355035e+02 -1.781652809703278990e+02 1.667197677858807126e+01 -7.760496631415864321e+00 -2.349869886743290170e-01 -4.438762583524618610e-01 -5.206780791300426314e-02 -2.470887668573192031e-02 -1.095496357235591772e-02 -1.188627360569154655e-02 -1.059754420747400540e-02 -7.954553390385466632e-03 -5.099588346534251332e-03 -2.973034576252309592e-03 -1.739717255871561568e-03 -1.162212615450690986e-03 -9.183928662315120556e-04 -7.786763493787683850e-04 -6.417336340048896207e-04 -4.955995396876218453e-04 -3.629938175924272850e-04 -2.635699555720091175e-04 -2.004829006555771732e-04 -1.639163315790163672e-04 -1.405022721357921495e-04 -1.206104694015917053e-04 -1.006450333326767163e-04 -8.140962270871443291e-05 -6.508868519297452706e-05 -5.296965435147632441e-05 -4.473418251911103334e-05 -3.900396316262537248e-05 -3.431805356948813211e-05 -2.982730712912757480e-05 -2.542275448020995488e-05 -2.142783248975446629e-05 -1.817614663829723859e-05 -1.574692657526807863e-05 -1.395079633073771693e-05 -1.248724557086941959e-05 -1.112395433057362835e-05 -9.787139597065145545e-06 -8.527038422199010909e-06 -7.456521890992021366e-06 -6.550859324648041694e-06 -6.030991682111841855e-06 -5.304409515287195293e-06 -4.274133266171322208e-06 -3.755487182512114600e-06 -3.183226128328824741e-06 -2.736278111321194753e-06 -2.269200861186616040e-06 -2.489037677329068485e-06
-1.695244451162234967e+01 -1.246213956506537279e+01 -1.482641839536815098e+01 -3.834077306154389220e+01 -5.087125939751416803e-01 -3.338848214955012850e+02 9.694286602728699336e+02 -6.613746298848087463e+03 2.542861803962267732e+04 -5.510593162423573631e+03 7.826545009358052312e+02 -1.829206494898452604e+02 1.672824750685155948e+01 -8.139352628775329279e+00 -2.965668529094904748e-01 -4.768650669356775951e-01 -5.853324031629177776e-02 -2.679205622125404793e-02 -1.204582735571105116e-02 -1.313968813426032167e-02 -1.180254360259355359e-02 -8.891793970333511724e-03 -5.710757389924180083e-03 -3.330292164154842385e-03 -1.950191263872910492e-03 -1.307944737360050092e-03 -1.039849964007761446e-03 -8.855216610640215648e-04 -7.308596366009584072e-04 -5.641058680492094107e-04 -4.127884150152072917e-04 -3.000255562639757333e-04 -2.292055542310880646e-04 -1.885178893657684469e-04 -1.622589568117722048e-04 -1.394110963039885034e-04 -1.161727813003632446e-04 -9.382418303052328845e-05 -7.505623468121519687e-05 -6.131077167092257641e-05 -5.206215076253025120e-05 -4.558212119723866498e-05 -4.014926834506463892e-05 -3.484633380209121783e-05 -2.964553759721677529e-05 -2.498589895055118354e-05 -2.125578839033024912e-05 -1.850328106467876590e-05 -1.645914334208990957e-05 -1.475414146727696927e-05 -1.312592131976952172e-05 -1.154288373363417465e-05 -1.000667424853145306e-05 -8.934826668560732587e-06 -7.730308103500725837e-06 -6.309550190456902764e-06 -5.631757925818043843e-06 -4.905504116175097785e-06 -4.256386484975611824e-06 -3.680268323577991689e-06 -3.049652366618876577e-06 -3.327729605165063908e-06
-4.016340041253788407e+00 -3.682300423241470000e+00 -7.072243939215926645e+00 -1.006567763639466762e+01 -3.204970506402682418e+01 3.589491167975779717e+00 -3.180961009064396876e+02 9.582152291703247329e+02 -6.544135479761152055e+03 2.543632743372036202e+04 -5.558984296250261650e+03 7.908858950198296043e+02 -1.868998102174064400e+02 1.675451719166445130e+01 -8.468483425781112572e+00 -3.526363650347279499e-01 -5.064765052448902960e-01 -6.456669950309956718e-02 -2.877010262780353017e-02 -1.308138639770361523e-02 -1.429235421568345737e-02 -1.290395924213265551e-02 -9.754686291782261806e-03 -6.284285943588500435e-03 -3.675609384099348502e-03 -2.158885709027311400e-03 -1.451335433570611049e-03 -1.155118063940535275e-03 -9.842102251512759980e-04 -8.130923552298947215e-04 -6.288242076012406099e-04 -4.616452711328167756e-04 -3.368771610298292485e-04 -2.581539510265494562e-04 -2.124971572531469954e-04 -1.827507299662531305e-04 -1.569301554524288192e-04 -1.309107872480248856e-04 -1.060500766296736515e-04 -8.519548060007357262e-05 -6.983627664616502847e-05 -5.936581050032830871e-05 -5.192160889478920313e-05 -4.567303813889269363e-05 -3.965030369115258327e-05 -3.381645303785475823e-05 -2.861480960126356661e-05 -2.443010225931546126e-05 -2.129788008474240067e-05 -1.892510773424782550e-05 -1.695757774453921844e-05 -1.502688557938239341e-05 -1.344010290703849842e-05 -1.150991963812328394e-05 -9.300355599141630166e-06 -8.135383258245807380e-06 -7.092424569578414799e-06 -6.272264949330534997e-06 -5.517073932076797902e-06 -4.839685837304812205e-06 -4.036857689774729777e-06 -4.387903306066288671e-06
-2.037321242473579819e+00 -1.162693077491343985e+00 -2.158718808409259893e+00 -5.042547393548129087e+00 -7.695608785043868139e+00 -2.821810670493673712e+01 6.158566167792758783e+00 -3.065572534783674428e+02 9.491848957069660173e+02 -6.488910779509411441e+03 2.544193571309838808e+04 -5.598808669109038419e+03 7.976729123388116705e+02 -1.902790151291145833e+02 1.676166440955257997e+01 -8.757354355652312350e+00 -4.039525401572407470e-01 -5.332750282817784182e-01 -7.016119591817424062e-02 -3.057160870700302915e-02 -1.400874026971811979e-02 -1.534210387072312484e-02 -1.393101078210623803e-02 -1.057564112208179627e-02 -6.837560066254687839e-03 -4.008871024137866841e-03 -2.356199937271758697e-03 -1.583144472146791370e-03 -1.260843648916133057e-03 -1.077142470208997073e-03 -8.931046561328853618e-04 -6.931566417851074821e-04 -5.101653843861791689e-04 -3.725677068484537641e-04 -2.852889883568981923e-04 -2.347117644444024422e-04 -2.021133654984892431e-04 -1.740764139225935798e-04 -1.457352608544682339e-04 -1.183961203857795475e-04 -9.521698893994774574e-05 -7.799767227289123759e-05 -6.623477836399339284e-05 -5.794995168927238839e-05 -5.109249047360703934e-05 -4.450444933045320870e-05 -3.806954344911917231e-05 -3.225950339372618927e-05 -2.752506095158378826e-05 -2.399040751215225674e-05 -2.124883530789843940e-05 -1.931140749768175889e-05 -1.694122825730042651e-05 -1.398922632003750366e-05 -1.207959789258339639e-05 -1.029424932354298701e-05 -8.928763748688146678e-06 -7.856514835138021267e-06 -6.962086443160944587e-06 -6.195062921434506569e-06 -5.236341454791670850e-06 -5.721207181331472858e-06
-3.465810226088629875e+00 -7.924812799279967734e-01 -8.360926134976288671e-01 -1.477704335415625181e+00 -3.968736137349728299e+00 -6.284637171009988421e+00 -2.566215573866263711e+01 7.884986498277770650e+00 -2.977585085017016695e+02 9.417710648532403184e+02 -6.444027789600903816e+03 2.544614410311676693e+04 -5.632157187267795052e+03 8.033646852820152162e+02 -1.931853860725281322e+02 1.675621481870826912e+01 -9.013047163215535562e+00 -4.509293990555985898e-01 -5.575356466013442480e-01 -7.528371277511805570e-02 -3.220327609972289951e-02 -1.486595685656127291e-02 -1.633265798799847512e-02 -1.490808841292800592e-02 -1.135610840495307472e-02 -7.359450596325071807e-03 -4.319153838940339128e-03 -2.538487979728050285e-03 -1.706779964894192389e-03 -1.363075261483792785e-03 -1.168617304594939165e-03 -9.716392015926150500e-04 -7.551830428221344930e-04 -5.558841440316506259e-04 -4.057779976594110449e-04 -3.108664211043370303e-04 -2.563375408253021131e-04 -2.214456524716667749e-04 -1.912306750826613729e-04 -1.602932358292486175e-04 -1.302045160153159824e-04 -1.046438076933482871e-04 -8.573365334204310548e-05 -7.293750161588706169e-05 -6.400101976677441179e-05 -5.657425514944266831e-05 -4.934365895449251225e-05 -4.219829809700961282e-05 -3.575736520841119812e-05 -3.043138109030187359e-05 -2.684221963032602944e-05 -2.357349286956205038e-05 -2.005686239114664579e-05 -1.774651901675106135e-05 -1.530463747255309849e-05 -1.312377401633563364e-05 -1.126155965176026051e-05 -9.790640589116932554e-06 -8.632920711085927495e-06 -7.733508853188511819e-06 -6.622880959598548005e-06 -7.342082474531982568e-06
-4.669597610879359983e+00 -1.038904908812563477e+00 -5.778044614422250813e-01 -5.454536277744975736e-01 -1.105643602484370547e+00 -3.325464131492366970e+00 -5.374810616769721605e+00 -2.384725418720367074e+01 9.111679178139185709e+00 -2.908235807995106370e+02 9.355845579732196029e+02 -6.406828782623273582e+03 2.544938272803326254e+04 -5.660492028139929062e+03 8.082059181042767477e+02 -1.957121908311344498e+02 1.674269348269135449e+01 -9.240854318838216841e+00 -4.939313414489452381e-01 -5.795758558803281169e-01 -8.001532857701586232e-02 -3.372601648273221980e-02 -1.568221391254178906e-02 -1.726721807324023417e-02 -1.582382276300145496e-02 -1.208476364339429281e-02 -7.846868871770771789e-03 -4.611366511044705241e-03 -2.713459204660532541e-03 -1.827597256117861543e-03 -1.462763724498001260e-03 -1.256354058828627841e-03 -1.045783823965256267e-03 -8.133957232821495192e-04 -5.991901588439108852e-04 -4.379803395782528642e-04 -3.362356611528377138e-04 -2.778407135250080223e-04 -2.403285489109057631e-04 -2.076154069925278381e-04 -1.740328543590355208e-04 -1.414242325996877946e-04 -1.138151691021710345e-04 -9.345368901853667160e-05 -7.967716730327879132e-05 -6.999925265368815079e-05 -6.187618004355728107e-05 -5.398034927127917719e-05 -4.608245329406403809e-05 -3.942132272027490885e-05 -3.332361886142780105e-05 -2.779932252262229999e-05 -2.459612347881345371e-05 -2.172056580829055569e-05 -1.912062955113794915e-05 -1.658713644800233363e-05 -1.424552304547752824e-05 -1.225358117473890282e-05 -1.066353161460950730e-05 -9.502703714352304942e-06 -8.180000299906788533e-06 -9.222422887618475198e-06
-4.647327157375809037e+00 -1.154260779320245733e+00 -6.455884958388569128e-01 -3.474050533092588600e-01 -3.997393065583185190e-01 -8.934270298933049137e-01 -2.912751107779865567e+00 -4.745016072518775552e+00 -2.249109519512247601e+01 1.002414698008373328e+01 -2.852147834393358607e+02 9.303474918594688461e+02 -6.375496276809978554e+03 2.545192786376553340e+04 -5.684865534382265650e+03 8.123738798628144195e+02 -1.979293238062534499e+02 1.672412153356032505e+01 -9.445081491582435262e+00 -5.334288808221491207e-01 -5.997282222967920129e-01 -8.442113612421729696e-02 -3.514832765754541399e-02 -1.644254828245358610e-02 -1.813364345581665663e-02 -1.667706376252472977e-02 -1.276968410722350428e-02 -8.310315783344205884e-03 -4.892430874619308097e-03 -2.882390847263237733e-03 -1.942929863031877440e-03 -1.556527719209578435e-03 -1.338681983038233049e-03 -1.116115684889411016e-03 -8.696173566899703580e-04 -6.417148068969988047e-04 -4.697328500682440892e-04 -3.609035529139506104e-04 -2.983145943336794836e-04 -2.581326814882528749e-04 -2.231948816895939927e-04 -1.873724844671950608e-04 -1.525468064609532607e-04 -1.229726805953698036e-04 -1.010697331249042806e-04 -8.617268403499321334e-05 -7.573054138122220925e-05 -6.686676390288695743e-05 -5.878401460170309820e-05 -4.993050196995913413e-05 -4.087380559310681017e-05 -3.470154201267474481e-05 -2.984164955292477114e-05 -2.629110823641290099e-05 -2.334309132955680172e-05 -2.058478558877307137e-05 -1.789176918241645875e-05 -1.539262218253951257e-05 -1.324709439548206580e-05 -1.164652496696304802e-05 -9.960660427296471594e-06 -1.133458555195099234e-05
-3.675917217063911835e+00 -1.016360794743306206e+00 -6.628951411721745179e-01 -3.976896605269945595e-01 -2.543883898839865987e-01 -3.236244324558144037e-01 -7.620379306049219759e-01 -2.623917999636430132e+00 -4.282060099737268644e+00 -2.143851725838622357e+01 1.072582237752885703e+01 -2.805849977081138036e+02 9.258583290423895278e+02 -6.348743891872799395e+03 2.545396437182416776e+04 -5.706054328771647306e+03 8.159998776311838355e+02 -1.998905573817238519e+02 1.670236870653867456e+01 -9.629266599530996729e+00 -5.698298273111496171e-01 -6.182189253723412437e-01 -8.850974406900154190e-02 -3.646003162354079924e-02 -1.714500139795826009e-02 -1.894313046960042352e-02 -1.748255477532296986e-02 -1.342086463244207724e-02 -8.752283039943107440e-03 -5.159615271484771504e-03 -3.041480415516630703e-03 -2.050952863302752619e-03 -1.645187853524392001e-03 -1.417857208491560836e-03 -1.184614888420368155e-03 -9.245254276309287575e-04 -6.828862863871212191e-04 -4.999851769793811195e-04 -3.841568138591341377e-04 -3.177454648733088753e-04 -2.753693313144932819e-04 -2.385543686350774669e-04 -2.005962932162162695e-04 -1.634689575446901598e-04 -1.317910454674147444e-04 -1.083382730975525256e-04 -9.228110186176493310e-05 -8.162730626689526376e-05 -7.179227577497354238e-05 -6.102380537551827129e-05 -5.202692351911712281e-05 -4.359121545181683850e-05 -3.686380714343413692e-05 -3.183331601160097280e-05 -2.808877638604280312e-05 -2.498840665041516948e-05 -2.206945926848768625e-05 -1.921287977260065160e-05 -1.653396722854722365e-05 -1.436935711534852228e-05 -1.212038939773754081e-05 -1.372799617179517704e-05
-2.422259832508177446e+00 -7.422594668614740376e-01 -5.736076489095391917e-01 -4.239029842007588922e-01 -3.003424084734057087e-01 -2.055431724410276273e-01 -2.759145293238067786e-01 -6.693670631528885195e-01 -2.409313378387201166e+00 -3.928402099749572773e+00 -2.059906311571864634e+01 1.127935794538834635e+01 -2.766983379773017759e+02 9.219688573237907576e+02 -6.325635371513347309e+03 2.545561945702313096e+04 -5.724644519674437106e+03 8.191830175721107707e+02 -2.016379521876031049e+02 1.667870058171442693e+01 -9.796219319006883808e+00 -6.034348750628064639e-01 -6.352191810518786896e-01 -9.230345200316761312e-02 -3.767848850286852763e-02 -1.780634336217491731e-02 -1.970851586124520646e-02 -1.824500442222744268e-02 -1.403665480009494253e-02 -9.169301057596642227e-03 -5.411304324351971957e-03 -3.191943145158562724e-03 -2.154434756755522172e-03 -1.731132756066776704e-03 -1.494719171617833698e-03 -1.250650956487171870e-03 -9.769292803759909490e-04 -7.219074013695547104e-04 -5.287517758470163453e-04 -4.066123952515430184e-04 -3.368256759579470205e-04 -2.923730555940942297e-04 -2.535759783609884397e-04 -2.133309599282658554e-04 -1.739144988878992828e-04 -1.401144709015832103e-04 -1.157606012372160495e-04 -9.829063230883538658e-05 -8.457441703910067500e-05 -7.470354308789844348e-05 -6.471908069676788656e-05 -5.502415916619653988e-05 -4.624335780365319924e-05 -3.914083398474598293e-05 -3.384717374903315590e-05 -2.990667414889524450e-05 -2.664177210985373210e-05 -2.356521016871427214e-05 -2.052004584338365130e-05 -1.782542284786102764e-05 -1.487294609310114903e-05 -1.658173330582624421e-05
-1.424072588740902034e+00 -4.808472445678196872e-01 -4.289013626615988950e-01 -3.783265588659487366e-01 -3.223473361045379737e-01 -2.427419177921108506e-01 -1.722135037250181744e-01 -2.409331022915558174e-01 -6.009325853565032904e-01 -2.244958313477319223e+00 -3.650832936763211301e+00 -1.991446930430001316e+01 1.172595357238755298e+01 -2.733886560838942046e+02 9.185673615116763813e+02 -6.305473555440675227e+03 2.545698271428890075e+04 -5.741086764059806228e+03 8.219996465276148001e+02 -2.032047442233393326e+02 1.665404216913491098e+01 -9.948222650173503823e+00 -6.345265038059012541e-01 -6.509059559439350773e-01 -9.584396789229049363e-02 -3.882200206698187273e-02 -1.843117573033372855e-02 -2.042864747076371390e-02 -1.896201409761790260e-02 -1.461672715132371694e-02 -9.563795413892276290e-03 -5.651214976993446971e-03 -3.336741911413266311e-03 -2.254414449264870255e-03 -1.813676222685080839e-03 -1.567944862424538836e-03 -1.313362384553580595e-03 -1.026896623223859254e-03 -7.595235510500983594e-04 -5.568476080576811003e-04 -4.286623937751659675e-04 -3.554236006929067677e-04 -3.087206591229259560e-04 -2.679501036438265205e-04 -2.254080233901145191e-04 -1.844601248338172800e-04 -1.482768446798726249e-04 -1.198033956723432560e-04 -1.019987980168180944e-04 -8.918455222134261985e-05 -7.863902568802904605e-05 -6.832670565861343403e-05 -5.814280187494360219e-05 -4.891275289139790963e-05 -4.143482660582675239e-05 -3.586588254337705909e-05 -3.172456626181973201e-05 -2.830082217314522551e-05 -2.503844603183681398e-05 -2.200308457644467645e-05 -1.836924752879441088e-05 -2.016705055159367468e-05
-8.955716840721220651e-01 -3.128340162912052747e-01 -2.939351536257376885e-01 -2.889001161877636226e-01 -2.860704388148178623e-01 -2.581638058078163933e-01 -2.028275697713374237e-01 -1.481775985273402207e-01 -2.157358258888116276e-01 -5.496083554722176467e-01 -2.115631712368604589e+00 -3.427342317706032038e+00 -1.934528541897358522e+01 1.209322132237850767e+01 -2.705361447017676824e+02 9.155678147522401105e+02 -6.287728617635857518e+03 2.545811888907800676e+04 -5.755733098758180859e+03 8.245095991187829441e+02 -2.046175777332343841e+02 1.662901028939166537e+01 -1.008720516739635542e+01 -6.633782852647664985e-01 -6.654342742879759687e-01 -9.915596673300405839e-02 -3.989191837509684091e-02 -1.901591337154668812e-02 -2.110391668481250912e-02 -1.963795428088299655e-02 -1.516680989056336942e-02 -9.940081543446190743e-03 -5.880962733440889614e-03 -3.475241259871486316e-03 -2.349438587764779256e-03 -1.891892036606326747e-03 -1.637681461362024528e-03 -1.373663447012142156e-03 -1.075399248589739608e-03 -7.962020926455635073e-04 -5.841307131271379410e-04 -4.498310213377934401e-04 -3.731952694183709074e-04 -3.242327016918685996e-04 -2.823380534899309425e-04 -2.372125844170765998e-04 -1.911181710963224081e-04 -1.538008413953860336e-04 -1.257262634693078352e-04 -1.068646361371952599e-04 -9.368213455400526877e-05 -8.269948048172736472e-05 -7.193970201730370796e-05 -6.126848990561715557e-05 -5.157781349638032971e-05 -4.372248486455273598e-05 -3.787600270954774990e-05 -3.354355302650196679e-05 -2.992815149980492477e-05 -2.672080529343362292e-05 -2.257856732961594339e-05 -2.470721298379679345e-05
-7.643574006498119466e-01 -2.409446693522198646e-01 -2.035066033106564531e-01 -1.987744409719942318e-01 -2.154980792672992473e-01 -2.268691756653772595e-01 -2.151602421421282829e-01 -1.754535881952578036e-01 -1.315972365236184605e-01 -1.973136849125570469e-01 -5.096209083953491259e-01 -2.010916582745829739e+00 -3.243442480245497084e+00 -1.886461169501876967e+01 1.239990782622213850e+01 -2.680522073378660366e+02 9.129031894378018706e+02 -6.271990489853848885e+03 2.545907579732757949e+04 -5.768862561611351339e+03 8.267603494480018753e+02 -2.058981287760658745e+02 1.660399818585016618e+01 -1.021478263845456524e+01 -6.902157251902968360e-01 -6.789205191419228624e-01 -1.022525545502022126e-01 -4.089114648787967043e-02 -1.956493837741364594e-02 -2.174158100531726340e-02 -2.027913768780108608e-02 -1.569001060072811732e-02 -1.029823627052721402e-02 -6.099285785265408551e-03 -3.606554048157939105e-03 -2.439758325271203405e-03 -1.966884104829006059e-03 -1.705089644132053812e-03 -1.432128206844137048e-03 -1.122304683668603250e-03 -8.314222558874418334e-04 -6.102252816246315397e-04 -4.699295140558623369e-04 -3.908962058780398826e-04 -3.393523602971058027e-04 -2.922604722409202749e-04 -2.459706282014627776e-04 -1.998533761238410831e-04 -1.606030320614857028e-04 -1.314999372265152912e-04 -1.118583032444539466e-04 -9.817194716784082833e-05 -8.675271779961980388e-05 -7.553241292081503441e-05 -6.437306324502275968e-05 -5.422349962334378797e-05 -4.599234611509235262e-05 -3.988281476103641823e-05 -3.532069586448323049e-05 -3.180795226483637713e-05 -2.729436569096179552e-05 -3.021776245058388578e-05
-8.170199262015229724e-01 -2.246150662037944279e-01 -1.586001995601208914e-01 -1.344835760929855850e-01 -1.456399339657506731e-01 -1.695214584071648989e-01 -1.888592629103464093e-01 -1.863931896473514926e-01 -1.563256831107686096e-01 -1.193671318238295753e-01 -1.828428517730822100e-01 -4.773110554529426675e-01 -1.924391091016826483e+00 -3.089695765341044620e+00 -1.845347505917191810e+01 1.265938900249051002e+01 -2.658696615036326989e+02 9.105206128811133794e+02 -6.257936876132691395e+03 2.545988928259252498e+04 -5.780699259324286686e+03 8.287900277903044071e+02 -2.070641860921945181e+02 1.657928604357823588e+01 -1.033229630691828227e+01 -7.152268720840070371e-01 -6.914674269563335640e-01 -1.051542286609303267e-01 -4.183016167199881535e-02 -2.008481510393778785e-02 -2.234570171655031814e-02 -2.088683830964967875e-02 -1.618604536808915251e-02 -1.063802354065004722e-02 -6.306868808641535873e-03 -3.732099695222699295e-03 -2.526755663854859859e-03 -2.039343001103640501e-03 -1.770059630800776239e-03 -1.488208611256368200e-03 -1.167223113832148787e-03 -8.649986997188601791e-04 -6.359957845575339415e-04 -4.894667594078612807e-04 -4.035144038103351586e-04 -3.509857423830773770e-04 -3.044512854936432282e-04 -2.560973079473308277e-04 -2.083605116246907104e-04 -1.675113991650456513e-04 -1.372420863751129658e-04 -1.168284447463421714e-04 -1.026242183360783958e-04 -9.076615892293637966e-05 -7.908644903350266328e-05 -6.744418334338963758e-05 -5.684052324319468076e-05 -4.825386470836331705e-05 -4.183610925950563526e-05 -3.740390484687969568e-05 -3.233415659802182788e-05 -3.647677753362362803e-05
-8.547445453418985872e-01 -2.197412236333345092e-01 -1.413144290143068527e-01 -1.007575174046093369e-01 -9.728861693844173542e-02 -1.142224631906703508e-01 -1.411436028303058865e-01 -1.634865394369294789e-01 -1.657352552472546314e-01 -1.417139063317267300e-01 -1.096097103908990900e-01 -1.711157102980336298e-01 -4.508240206883276646e-01 -1.851897359062535164e+00 -2.959413210258993843e+00 -1.809782534399736065e+01 1.288155762014763539e+01 -2.639366852551514171e+02 9.083777152273185038e+02 -6.245311046378674291e+03 2.546058662090282087e+04 -5.791425221131614308e+03 8.306296547007775644e+02 -2.081304605899250078e+02 1.655507280832856409e+01 -1.044088637011613585e+01 -7.385874634539930650e-01 -7.031733006334156544e-01 -1.078822040952105016e-01 -4.271540678266718544e-02 -2.057634500879895398e-02 -2.291639984990244405e-02 -2.146188561452947591e-02 -1.665677081847161817e-02 -1.096177187778399342e-02 -6.505635230265688525e-03 -3.852796117694217565e-03 -2.610356290977881421e-03 -2.108687749595005573e-03 -1.832196575777327854e-03 -1.541743965921903593e-03 -1.211158100982631701e-03 -8.975253609524758451e-04 -6.558579736458949525e-04 -5.050043663544599845e-04 -4.186215631696928890e-04 -3.640909253896932782e-04 -3.163061727011390106e-04 -2.662670646030342297e-04 -2.167720247311993246e-04 -1.743540977865821540e-04 -1.429187175409115241e-04 -1.217379274488968597e-04 -1.070179569117179639e-04 -9.472468714869255698e-05 -8.259245682183945529e-05 -7.047417325802494135e-05 -5.944272313667727924e-05 -5.044794874905875355e-05 -4.415644801764646193e-05 -3.785322558031059385e-05 -4.323174388908491343e-05
-7.848658030036441691e-01 -2.018916078141436976e-01 -1.319576266595232084e-01 -8.810825531394195220e-02 -7.335922387430543479e-02 -7.671064839047751771e-02 -9.519227308055668024e-02 -1.218241054312327321e-01 -1.447860332768999281e-01 -1.497549645664046358e-01 -1.301227222605772782e-01 -1.018208831033099449e-01 -1.616311719679147385e-01 -4.288412394133095940e-01 -1.790295133678793560e+00 -2.847592437305564328e+00 -1.778709898613408669e+01 1.307374306509936090e+01 -2.622127622124754112e+02 9.064401362221997260e+02 -6.233905930341881685e+03 2.546118891491508111e+04 -5.801189803706333805e+03 8.323047225078140627e+02 -2.091092445876246870e+02 1.653147893394435641e+01 -1.054153664689255265e+01 -7.604558335234093969e-01 -7.141206825242933931e-01 -1.104495906073847400e-01 -4.354861622946028243e-02 -2.103990126350072445e-02 -2.345618465563316032e-02 -2.200790494355608223e-02 -1.710533168511959440e-02 -1.127116397568291364e-02 -6.695826348762692545e-03 -3.968119483127434746e-03 -2.690169356006965728e-03 -2.174780680577750695e-03 -1.892664146452262058e-03 -1.593439951826438076e-03 -1.247923299562719640e-03 -9.252036195872845661e-04 -6.783008290687957739e-04 -5.220920036082396173e-04 -4.332884107822033266e-04 -3.771762320788503951e-04 -3.279750408873201035e-04 -2.762871402116699173e-04 -2.250502817125209004e-04 -1.810896133371056051e-04 -1.485063024132349610e-04 -1.265697655923479683e-04 -1.113414939613857277e-04 -9.862129844753387436e-05 -8.604421647257080353e-05 -7.348139432239050547e-05 -6.196099491806147995e-05 -5.307389318260404145e-05 -4.453800816628146616e-05 -5.058063073375242472e-05
-6.261797574055270044e-01 -1.692267631286274998e-01 -1.191743076136549950e-01 -8.346085102235563380e-02 -6.548155903042933434e-02 -5.838536189539933474e-02 -6.384993362578121612e-02 -8.169349435585043784e-02 -1.073127071489348577e-01 -1.303679553828044624e-01 -1.372565016775927904e-01 -1.209639313763393315e-01 -9.559725240042846184e-02 -1.538054654742139205e-01 -4.102426352922502462e-01 -1.737247746521641378e+00 -2.750580122724539667e+00 -1.751331883243412690e+01 1.324145540149464040e+01 -2.606657111575271983e+02 9.046797865912491261e+02 -6.223552629100069680e+03 2.546171269763428791e+04 -5.810116731609814451e+03 8.338363506895010460e+02 -2.100108993681689071e+02 1.650857531576232873e+01 -1.063508850518624804e+01 -7.809653618726569713e-01 -7.243774184454813136e-01 -1.128677434712983541e-01 -4.433405596706849194e-02 -2.147905464545945761e-02 -2.396893910279237691e-02 -2.252766890455525431e-02 -1.753287962259217347e-02 -1.156621179359810549e-02 -6.877313705461905388e-03 -4.078045415992064340e-03 -2.767541496124510930e-03 -2.238443984600944296e-03 -1.944628626278895609e-03 -1.639124903456991560e-03 -1.287023660865627616e-03 -9.542383086850982554e-04 -7.000473579763827770e-04 -5.390590500191466379e-04 -4.476843157029795515e-04 -3.900270150919356066e-04 -3.394176678677530783e-04 -2.861126914077245721e-04 -2.331701310932013632e-04 -1.876995531191113782e-04 -1.539920667857339921e-04 -1.313149157725045644e-04 -1.155899653958758510e-04 -1.024511106336093417e-04 -8.946490511996901503e-05 -7.638590274612604310e-05 -6.498011390414725440e-05 -5.342979570958798151e-05 -5.926442987471515012e-05
-4.545264901904391697e-01 -1.326232766818950526e-01 -1.013816683895491372e-01 -7.766185701870427505e-02 -6.288704899280959937e-02 -5.216793064920926398e-02 -4.826057596492617369e-02 -5.433504496650037180e-02 -7.153964791539278723e-02 -9.629983091895651104e-02 -1.192410119156252085e-01 -1.273898966519640963e-01 -1.135528851555340224e-01 -9.043265809997280691e-02 -1.471634477719290235e-01 -3.942823119839858337e-01 -1.691118023823861893e+00 -2.665678050431623536e+00 -1.727029871622024260e+01 1.338897727593164788e+01 -2.592696069444005502e+02 9.030734810560496726e+02 -6.214112033385979885e+03 2.546217104500245114e+04 -5.818309381339875472e+03 8.352421903285277267e+02 -2.108442071047165598e+02 1.648640842094070180e+01 -1.072226364948086719e+01 -8.002339030699380240e-01 -7.340062780086562544e-01 -1.151504730742205218e-01 -4.507734196194962406e-02 -2.189642333277551714e-02 -2.445624270550192034e-02 -2.302198950848205819e-02 -1.794008451977589097e-02 -1.184745065059895214e-02 -7.051883596878603076e-03 -4.183605328571402687e-03 -2.834942560973341581e-03 -2.295095281756553886e-03 -1.998705167234348257e-03 -1.685731110408848722e-03 -1.324821111852204480e-03 -9.827764099191759525e-04 -7.212939311134353984e-04 -5.556688153297083092e-04 -4.617666524304031160e-04 -4.025955406601457805e-04 -3.506084552154353079e-04 -2.957253346070526693e-04 -2.411187482939680942e-04 -1.941746139242554281e-04 -1.593694008334603344e-04 -1.359705240615496501e-04 -1.197597842992729773e-04 -1.062428539134152686e-04 -9.276241778866709637e-05 -7.987231695350178497e-05 -6.534362742937549148e-05 -7.054866176019911831e-05
-3.362321756515908588e-01 -1.035709003365598707e-01 -8.263354067378413104e-02 -6.786124288925815540e-02 -5.848332615036774818e-02 -4.965878046965035292e-02 -4.272447948887583835e-02 -4.078846817530989294e-02 -4.737231156951077909e-02 -6.402252654613022065e-02 -8.787424226199284927e-02 -1.104116177220651612e-01 -1.193159230374701840e-01 -1.073465971126748991e-01 -8.604830170963383151e-02 -1.414799513275177001e-01 -3.804829661461702761e-01 -1.650671562274527604e+00 -2.590774185792374507e+00 -1.705312317058764648e+01 1.351968197661062909e+01 -2.580033608618617791e+02 9.016018849661862760e+02 -6.205468544839499373e+03 2.546257441438409660e+04 -5.825854784691103305e+03 8.365371193911421415e+02 -2.116166586361218833e+02 1.646500170270767072e+01 -1.080369217827814410e+01 -8.183702914530595063e-01 -7.430647086763189080e-01 -1.173094753239062593e-01 -4.578134136581425012e-02 -2.229246400291804570e-02 -2.491910473771363072e-02 -2.349219759863437063e-02 -1.832967653588672349e-02 -1.211654073850412620e-02 -7.211471355976953324e-03 -4.279847841900089392e-03 -2.904201532279875042e-03 -2.352450168141151030e-03 -2.050866448847344856e-03 -1.731221626591924632e-03 -1.361557843725811658e-03 -1.010569170101017046e-03 -7.420010911885891770e-04 -5.718721142885362790e-04 -4.755096552482691538e-04 -4.148640600871435170e-04 -3.615358713982682812e-04 -3.051169529060542723e-04 -2.488902862558136871e-04 -2.005106369626548921e-04 -1.646375524653267714e-04 -1.405343331386187892e-04 -1.238866477193500786e-04 -1.098893702061415578e-04 -9.674932801487363639e-05 -8.021133705518673437e-05 -8.558434400844281125e-05
-2.900844791259014066e-01 -8.691520750909102755e-02 -6.742023347777272024e-02 -5.587463486871764584e-02 -5.053040915008568529e-02 -4.566790948925129184e-02 -4.046676968007231756e-02 -3.609822850127931970e-02 -3.554994734989184307e-02 -4.231659620862593396e-02 -5.825593867405575582e-02 -8.111946887699178488e-02 -1.031365942575667161e-01 -1.125553490060605538e-01 -1.021031511268029462e-01 -8.233017277435057679e-02 -1.365966027626797641e-01 -3.684424806522006435e-01 -1.614908945543662933e+00 -2.524195579251978572e+00 -1.685787271853041602e+01 1.363622604888575296e+01 -2.568496560908026254e+02 9.002487571085504214e+02 -6.197525292718500168e+03 2.546293126246311658e+04 -5.832826734096249311e+03 8.377337604792360253e+02 -2.123346910574690867e+02 1.644435743063388244e+01 -1.087992607125194944e+01 -8.354707103055524220e-01 -7.516012098371779304e-01 -1.193531373556508957e-01 -4.644816657855501546e-02 -2.266825502314447072e-02 -2.536078703949793886e-02 -2.394079730957844598e-02 -1.869343090206290053e-02 -1.236849865127286931e-02 -7.369433809447578296e-03 -4.375411110226600474e-03 -2.970871986273294733e-03 -2.408263981427998229e-03 -2.101407356093020970e-03 -1.775348011585783274e-03 -1.397213522389959429e-03 -1.037577289214046839e-03 -7.621485124943351997e-04 -5.876535057283855399e-04 -4.889034424295609282e-04 -4.268263894035073734e-04 -3.721960949793782971e-04 -3.142851261207644706e-04 -2.564832368189833185e-04 -2.067092815507869867e-04 -1.697957232491341493e-04 -1.450510073949046392e-04 -1.278433416523096493e-04 -1.143726294022136654e-04 -9.693899650304747730e-05 -1.045694700467040281e-04
-2.903687168549901054e-01 -8.018431448124750671e-02 -5.756430124638948348e-02 -4.498093651765785322e-02 -4.098405366767231967e-02 -3.917006616171556793e-02 -3.724061651112443166e-02 -3.432246396347263251e-02 -3.152508832309731251e-02 -3.170303866876503229e-02 -3.835924002294799351e-02 -5.357420546719095233e-02 -7.554669379694232967e-02 -9.707603916814112888e-02 -1.068731150640707533e-01 -9.765626224608819905e-02 -7.914492291805966251e-02 -1.323398991835686433e-01 -3.578266244872325696e-01 -1.583054142339966885e+00 -2.464639594824817426e+00 -1.668139950593056753e+01 1.374073621389272937e+01 -2.557941204810130102e+02 8.990003711633249850e+02 -6.190200485983738872e+03 2.546324848124546043e+04 -5.839288217664865442e+03 8.388428869682406912e+02 -2.130038662444582940e+02 1.642446766210312248e+01 -1.095144639049107660e+01 -8.516187203428110530e-01 -7.596584040557086137e-01 -1.212897642823684702e-01 -4.708231647172126527e-02 -2.302619676310777019e-02 -2.577242496955877912e-02 -2.436290769576999332e-02 -1.904675136330113289e-02 -1.261330465428936107e-02 -7.521059169948493724e-03 -4.467890452900477073e-03 -3.035310132860926085e-03 -2.462280916393344739e-03 -2.150330549519515605e-03 -1.818094118167515186e-03 -1.431788576673063279e-03 -1.063798818970292971e-03 -7.817335424875387819e-04 -6.030104637370460119e-04 -5.019467076474395289e-04 -4.384824615642794396e-04 -3.825899507021233818e-04 -3.232311442900699053e-04 -2.639020747249566320e-04 -2.127713999093297178e-04 -1.748996399161552285e-04 -1.493668868617448826e-04 -1.328263656436751464e-04 -1.142341904810406807e-04 -1.264025491814337141e-04
-2.960193489956736146e-01 -7.727403047941779068e-02 -5.198143401695607541e-02 -3.734612112835744568e-02 -3.268495832609458890e-02 -3.178310736498888428e-02 -3.209228340715526012e-02 -3.169238921262935993e-02 -2.997712590734421048e-02 -2.803806655046740468e-02 -2.861598007135425850e-02 -3.513052031178082873e-02 -4.973996496464094114e-02 -7.094280992148228882e-02 -9.199954263286032330e-02 -1.020409106422088125e-01 -9.381990827602673666e-02 -7.636308974699930474e-02 -1.285852548938574980e-01 -3.484014107518905168e-01 -1.554513273033661047e+00 -2.411067764009824366e+00 -1.652112459649173104e+01 1.383495031485701254e+01 -2.548247227115384987e+02 8.978450398946270070e+02 -6.183424599415819102e+03 2.546353172699628703e+04 -5.845293326246303877e+03 8.398737545871831571e+02 -2.136290098181572716e+02 1.640531936608672225e+01 -1.101867596320158960e+01 -8.668900058734603231e-01 -7.672771878090639541e-01 -1.231284217908607537e-01 -4.767481801472684549e-02 -2.336058367125437227e-02 -2.617121768147826627e-02 -2.477008689295979657e-02 -1.938498456240119253e-02 -1.284869137389217653e-02 -7.666947808612977269e-03 -4.557083701013969930e-03 -3.097547122359431589e-03 -2.514502229161511438e-03 -2.197660614153001176e-03 -1.859484116275812986e-03 -1.465302223533252379e-03 -1.089245715769451058e-03 -8.007628667584490868e-04 -6.179471375790799486e-04 -5.146429606083646052e-04 -4.498360245856866300e-04 -3.927214460721709099e-04 -3.319625621005867157e-04 -2.711494667369242174e-04 -2.187653286834164183e-04 -1.797633296215193628e-04 -1.549276071512477510e-04 -1.322263089917515011e-04 -1.494622224412831121e-04
-2.799256371612338645e-01 -7.292169385015992433e-02 -4.825394671291768911e-02 -3.309900371140643560e-02 -2.726342376450859722e-02 -2.557222615822845810e-02 -2.619024849331080818e-02 -2.732252925218462553e-02 -2.760273463379426390e-02 -2.657192452286638237e-02 -2.523488698081420914e-02 -2.613300293403328714e-02 -3.252960523162597845e-02 -4.660008428456260954e-02 -6.708821856695253161e-02 -8.766664229331362634e-02 -9.785634803373352564e-02 -9.046393525383340795e-02 -7.391639712947498109e-02 -1.252615365396885228e-01 -3.399894369176956754e-01 -1.528800261705773211e+00 -2.362623614128628535e+00 -1.637491154447440422e+01 1.392029284272183531e+01 -2.539313260860027128e+02 8.967727439113870105e+02 -6.177138156386874471e+03 2.546378568225869094e+04 -5.850888765390516710e+03 8.408343615881351525e+02 -2.142143309971462770e+02 1.638689310317608516e+01 -1.108199156561992460e+01 -8.813542525620016166e-01 -7.744798141453068663e-01 -1.248686423127334383e-01 -4.824535949359014253e-02 -2.368383360743320579e-02 -2.655216712645802959e-02 -2.516031727579515903e-02 -1.970931403804740412e-02 -1.307480237885707414e-02 -7.807326651387517559e-03 -4.643068490290341507e-03 -3.157636775473841081e-03 -2.564972713895828302e-03 -2.243441607396670819e-03 -1.899556274987990222e-03 -1.497783067693996602e-03 -1.113936770688233550e-03 -8.192481872066247279e-04 -6.324714234384902272e-04 -5.269988405171941327e-04 -4.608935648511738978e-04 -4.026011868824226126e-04 -3.404839067587366584e-04 -2.783071298808447304e-04 -2.244692669317231530e-04 -1.860986758121492362e-04 -1.538735135018065147e-04 -1.734744514927412916e-04
-2.405738585335402968e-01 -6.525434825256494487e-02 -4.440512691066302031e-02 -3.088835984174264845e-02 -2.455044861905791853e-02 -2.157205894086982809e-02 -2.112530381011156269e-02 -2.222231504705560190e-02 -2.368926605267373392e-02 -2.439668447667512133e-02 -2.389197963627591459e-02 -2.303178304046168620e-02 -2.415986688969799789e-02 -3.040400443627889679e-02 -4.395970341641227547e-02 -6.378530203527352227e-02 -8.391151845905982232e-02 -9.420254627209682929e-02 -8.751818540726377660e-02 -7.176046246329621792e-02 -1.223029882043943362e-01 -3.324329698918341847e-01 -1.505509573376736965e+00 -2.318604571248206625e+00 -1.624098879593903533e+01 1.399793422218789019e+01 -2.531053285592234090e+02 8.957748513499017236e+02 -6.171289970427251319e+03 2.546401425268657113e+04 -5.856115076361986212e+03 8.417316518385205200e+02 -2.147635220449141684e+02 1.636916404933733560e+01 -1.114171157788133470e+01 -8.950646649910385388e-01 -7.813168054806912677e-01 -1.265293475126808009e-01 -4.878904369043939038e-02 -2.399341178055551874e-02 -2.691671170042220923e-02 -2.553420585340472615e-02 -2.002046981846133597e-02 -1.329206360737161287e-02 -7.942434366615729047e-03 -4.725965569917006323e-03 -3.215652660235746984e-03 -2.613751527827741679e-03 -2.287726588215356540e-03 -1.938355089989741683e-03 -1.529264244789696340e-03 -1.137894250147631096e-03 -8.372039505940273357e-04 -6.465937448203142512e-04 -5.390233541114784407e-04 -4.716685777266362359e-04 -4.122355120884240191e-04 -3.488909889551830741e-04 -2.851160570024955233e-04 -2.318735390529778808e-04 -1.847394803832258005e-04 -2.014123944780862256e-04
-1.942408265978052828e-01 -5.566730121775981949e-02 -3.977786679868694497e-02 -2.907002494058099837e-02 -2.323103664302869284e-02 -1.949906376366626615e-02 -1.774870553442407795e-02 -1.781277470524109813e-02 -1.918217551649920721e-02 -2.090334818362322294e-02 -2.193669221971147540e-02 -2.180894482818272750e-02 -2.127224449522074554e-02 -2.252890491405930284e-02 -2.860095479063697738e-02 -4.169223334742648557e-02 -6.092943825125641394e-02 -8.064318457260097328e-02 -9.099961481351871717e-02 -8.491697341065841675e-02 -6.984256138206430820e-02 -1.196455073903881228e-01 -3.256037265546275483e-01 -1.484315307719773269e+00 -2.278437479716161285e+00 -1.611787397202607508e+01 1.406885130855873456e+01 -2.523393758780072460e+02 8.948438886056644606e+02 -6.165835751685254763e+03 2.546422071316505389e+04 -5.861007625130529050e+03 8.425716817193058432e+02 -2.152798150899550365e+02 1.635211590031955708e+01 -1.119815289363390320e+01 -9.080904787973478332e-01 -7.878086625324254300e-01 -1.281124970396497476e-01 -4.930801899774366753e-02 -2.428970540155512073e-02 -2.726577446381967321e-02 -2.589263320034281002e-02 -2.031915714412816515e-02 -1.350092340509498855e-02 -8.072518825051024777e-03 -4.805906679106548320e-03 -3.271676509476908849e-03 -2.660903498269914097e-03 -2.330572284287761673e-03 -1.975927570057071578e-03 -1.559780836396249763e-03 -1.161142116901397840e-03 -8.546465195235352242e-04 -6.603265746310850448e-04 -5.507331473991680399e-04 -4.821692923451674538e-04 -4.217366619305111921e-04 -3.568848494632499788e-04 -2.938862328461442600e-04 -2.303508510225133529e-04 -2.397154798589165635e-04
-1.587309066060678675e-01 -4.690494162774753312e-02 -3.484997395568679990e-02 -2.665842784788235650e-02 -2.192678298760373026e-02 -1.833513295736370619e-02 -1.591113826582730637e-02 -1.488391415527958936e-02 -1.534432945605742130e-02 -1.692501862087504930e-02 -1.879773778327336123e-02 -2.001195953759140125e-02 -2.011492844367918781e-02 -1.979607582845474556e-02 -2.113899854623550387e-02 -2.705831252293857195e-02 -3.974331631987437774e-02 -5.845281079093558874e-02 -7.777905414735962475e-02 -8.816504810089857702e-02 -8.259540787100673465e-02 -6.812008684415062076e-02 -1.172453823151057006e-01 -3.194057991748298075e-01 -1.464951581226203947e+00 -2.241642550732068973e+00 -1.600430957944019283e+01 1.413386829445883031e+01 -2.516271457125744746e+02 8.939733483836196228e+02 -6.160736988065449623e+03 2.546440782481383212e+04 -5.865597380482199696e+03 8.433597706288418294e+02 -2.157661027921138839e+02 1.633570702152896104e+01 -1.125157110145509698e+01 -9.204775947811408843e-01 -7.939811165842749485e-01 -1.296228455881461294e-01 -4.980381081688988604e-02 -2.457342366303581424e-02 -2.760023754858085404e-02 -2.623646980529741393e-02 -2.060605681398473138e-02 -1.370181896516530287e-02 -8.197825147204716029e-03 -4.883025218207304695e-03 -3.325792425421586571e-03 -2.706495097376484648e-03 -2.372036280456058226e-03 -2.012321235566111397e-03 -1.589368493981710862e-03 -1.183705550234728180e-03 -8.715939968144322545e-04 -6.736910825263662996e-04 -5.621389116330950805e-04 -4.925301278234461930e-04 -4.307558382327579495e-04 -3.672041930110046294e-04 -2.920894757490463201e-04 -2.956131550013846830e-04
-1.414395525506865758e-01 -4.093494522010957676e-02 -3.047570457211477846e-02 -2.360750453968787216e-02 -1.995705481976210727e-02 -1.712709990326500772e-02 -1.487122752794560465e-02 -1.333369400194605800e-02 -1.284171424016410622e-02 -1.355240914704900282e-02 -1.521087755768520643e-02 -1.711813781754093627e-02 -1.842075824301918699e-02 -1.868830103692906142e-02 -1.854689801987043085e-02 -1.996234266140683306e-02 -2.574264598790761485e-02 -3.805717487584112102e-02 -5.628025021834582448e-02 -7.524002277585839504e-02 -8.563315584457510676e-02 -8.051081453753441974e-02 -6.656883447771828888e-02 -1.150716511102060358e-01 -3.137581354019524649e-01 -1.447190941245076523e+00 -2.207812011749145320e+00 -1.589922476733448420e+01 1.419368059402252058e+01 -2.509631780900209606e+02 8.931575371477413228e+02 -6.155960008329071570e+03 2.546457794308897428e+04 -5.869911633030121266e+03 8.441005748789757490e+02 -2.162249205812220794e+02 1.631991520222267411e+01 -1.130220305717834961e+01 -9.322708780585222677e-01 -7.998569728712312532e-01 -1.310651190533617672e-01 -5.027785028363832703e-02 -2.484528278574419519e-02 -2.792094400034509510e-02 -2.656654234993653316e-02 -2.088181502289342475e-02 -1.389516791041154123e-02 -8.318590181964459832e-03 -4.957452135316090143e-03 -3.378083908940652386e-03 -2.750592285734702880e-03 -2.412175471390757501e-03 -2.047583068572625398e-03 -1.618063301709303471e-03 -1.205611122396487355e-03 -8.880748086077898656e-04 -6.867017558392094281e-04 -5.734068433435085717e-04 -5.023310817806941539e-04 -4.426502401874582459e-04 -3.645974810569729352e-04 -3.722551983392697510e-04
-1.376716600650760292e-01 -3.789338295815144336e-02 -2.718890336820176112e-02 -2.048637057853746127e-02 -1.746280275289490563e-02 -1.547476911602591043e-02 -1.388962620428094846e-02 -1.250986863626052902e-02 -1.154191478870169804e-02 -1.134671003997913923e-02 -1.215517361784286196e-02 -1.381322070713339976e-02 -1.572174315636186773e-02 -1.709174230046009088e-02 -1.749596077732621519e-02 -1.749808598636216211e-02 -1.896111237397699392e-02 -2.460220532126923196e-02 -3.657428410831316951e-02 -5.435270503459418978e-02 -7.297405229481093714e-02 -8.336287888028337534e-02 -7.863399177954046027e-02 -6.516699715213247757e-02 -1.130929566478252463e-01 -3.085883195295602288e-01 -1.430840875242744614e+00 -2.176602227578425808e+00 -1.580170786321403398e+01 1.424887716397886628e+01 -2.503427062949789104e+02 8.923914677969523837e+02 -6.151475306324506164e+03 2.546473304960264431e+04 -5.873974458994120141e+03 8.447982286851059825e+02 -2.166585336767507783e+02 1.630471428003220780e+01 -1.135026102965328221e+01 -9.435115094936129543e-01 -8.054569530464996685e-01 -1.324437077451994516e-01 -5.073148168410662739e-02 -2.510596723047518047e-02 -2.822868800680157844e-02 -2.688362746526970146e-02 -2.114704007942908026e-02 -1.408136553580247551e-02 -8.435040092140974957e-03 -5.029313885090989748e-03 -3.428632239332725980e-03 -2.793259306319575367e-03 -2.451045269586152233e-03 -2.081759733303753957e-03 -1.645902343435579757e-03 -1.226897866097679700e-03 -9.041091748495387647e-04 -6.995679683529776706e-04 -5.840146039315243605e-04 -5.157796621374775067e-04 -4.383667228452632842e-04 -4.648807217768913280e-04
-1.370218505531455577e-01 -3.641850315371459451e-02 -2.494331011285394126e-02 -1.792126571763134543e-02 -1.502801331919734890e-02 -1.354215077396062061e-02 -1.261312849037645595e-02 -1.173857386147947671e-02 -1.084429095924263273e-02 -1.018070455562328051e-02 -1.014394767167411775e-02 -1.100484764811226687e-02 -1.266157389748429410e-02 -1.457234323109038443e-02 -1.599069022098998510e-02 -1.649371206785949645e-02 -1.659934195797123022e-02 -1.808769871529425019e-02 -2.359683294191931846e-02 -3.526018182902849324e-02 -5.263649648133800207e-02 -7.094544605817604266e-02 -8.131864485858629477e-02 -7.693456551669670962e-02 -6.389117889368853276e-02 -1.112821647494233457e-01 -3.038373662369217021e-01 -1.415743875508101546e+00 -2.147723400179883502e+00 -1.571094840071233456e+01 1.429997723554313005e+01 -2.497616179016530964e+02 8.916707114767557414e+02 -6.147256843329238109e+03 2.546487486438147971e+04 -5.877807216939980208e+03 8.454563947722060675e+02 -2.170689642601097376e+02 1.629007799667679279e+01 -1.139593629480048165e+01 -9.542370529614500052e-01 -8.107999285917256715e-01 -1.337626593461549718e-01 -5.116595655913916407e-02 -2.535612144237621088e-02 -2.852421258012473315e-02 -2.718845144660073793e-02 -2.140230232361656562e-02 -1.426078422569822951e-02 -8.547389390290672032e-03 -5.098731366868299204e-03 -3.477515564178764937e-03 -2.834558108831483798e-03 -2.488700202605727708e-03 -2.114898513072670325e-03 -1.672937535735080855e-03 -1.247593527769497775e-03 -9.199588116227261836e-04 -7.116337034468477908e-04 -5.992106946077916177e-04 -5.090458361355684053e-04 -5.625580802491721112e-04
-1.312773249041699897e-01 -3.482316284077440621e-02 -2.328685423010070157e-02 -1.618436892660848545e-02 -1.317026388172324626e-02 -1.174546538303548014e-02 -1.111351773893280714e-02 -1.068316676505624840e-02 -1.015772682405784166e-02 -9.534046401645058372e-03 -9.075503371901801411e-03 -9.166683824255082713e-03 -1.007607196385371627e-02 -1.172595827706396539e-02 -1.362048896347891128e-02 -1.505739450212218063e-02 -1.562700704975415744e-02 -1.581229381623573335e-02 -1.731915480294777751e-02 -2.270991415742816544e-02 -3.409430185708414024e-02 -5.110201145723870103e-02 -6.911801452182424199e-02 -7.946531793003623612e-02 -7.538633924431953348e-02 -6.272397127561070429e-02 -1.096228903913846892e-01 -2.994587657931269686e-01 -1.401737631323433986e+00 -2.120910459197252074e+00 -1.562629823461088030e+01 1.434739432794200731e+01 -2.492162669272330788e+02 8.909913714852827979e+02 -6.143281593881874869e+03 2.546500486453937265e+04 -5.881428912126728392e+03 8.460783324358151276e+02 -2.174580237605575519e+02 1.627598067487893374e+01 -1.143940167004717168e+01 -9.644818011145572800e-01 -8.159031098360450818e-01 -1.350257013338183876e-01 -5.158243545403142644e-02 -2.559634832677553859e-02 -2.880821062854491479e-02 -2.748169211026057004e-02 -2.164813543900129950e-02 -1.443377383809218636e-02 -8.655840643333512913e-03 -5.165819403251681492e-03 -3.524808568334914221e-03 -2.874549338571351625e-03 -2.525195134663469655e-03 -2.147063833190058450e-03 -1.699204786606544389e-03 -1.268015884946357670e-03 -9.348152444170575301e-04 -7.292663308023953576e-04 -5.898910239709778116e-04 -6.581320856986523507e-04
-1.185738705343921673e-01 -3.218541017484190248e-02 -2.172550903769726593e-02 -1.511345126070872194e-02 -1.202920364644162465e-02 -1.040158722007938040e-02 -9.678729689655229257e-03 -9.397205820671989188e-03 -9.208746283760062615e-03 -8.903991530655559414e-03 -8.490175907159117769e-03 -8.201385106821383608e-03 -8.391545333559350534e-03 -9.322929252075022946e-03 -1.094388672242395562e-02 -1.280525247185184887e-02 -1.424691972862115845e-02 -1.487023142458401663e-02 -1.512411793096888127e-02 -1.664506585285566512e-02 -2.192527697788364260e-02 -3.305199296302176182e-02 -4.971853816470762216e-02 -6.746092130005124088e-02 -7.777619100188092049e-02 -7.397457370021202905e-02 -6.165451139267702496e-02 -1.080706352121277303e-01 -2.953946976066660901e-01 -1.388741602078120252e+00 -2.095971560077459550e+00 -1.554714974123218774e+01 1.439151225136402523e+01 -2.487034542788423153e+02 8.903499810374713661e+02 -6.139529112726076164e+03 2.546512432711835936e+04 -5.884856512525214384e+03 8.466669519159951278e+02 -2.178273396290947233e+02 1.626239744311920887e+01 -1.148081367520863694e+01 -9.742771091992095123e-01 -8.207822180044391791e-01 -1.362362671438435147e-01 -5.198199288293832432e-02 -2.582721022745427045e-02 -2.908132746010910416e-02 -2.776398150804807591e-02 -2.188503831826801860e-02 -1.460066249256891310e-02 -8.760584599064249675e-03 -5.230686791547898423e-03 -3.570583888465902848e-03 -2.913293774237568114e-03 -2.560604366450937048e-03 -2.178298830891608508e-03 -1.725078055961688306e-03 -1.287202487994702467e-03 -9.561577981359278052e-04 -7.180622752769868578e-04 -7.633343000751420960e-04
-1.025310155933748107e-01 -2.870237990050176352e-02 -2.000610652170692685e-02 -1.430977341319114061e-02 -1.137191318587541140e-02 -9.550236573855109407e-03 -8.555916910346393969e-03 -8.145147941038438297e-03 -8.069489449999947897e-03 -8.062181731605494797e-03 -7.934628284834169265e-03 -7.679970707396681535e-03 -7.507478739859227423e-03 -7.753922989922269922e-03 -8.683888786806955376e-03 -1.026979408993684145e-02 -1.209938967229983765e-02 -1.354426371233208477e-02 -1.421211138190581029e-02 -1.452131738993093363e-02 -1.604796285571289532e-02 -2.122243775309227282e-02 -3.211194224053046109e-02 -4.846354361639426678e-02 -6.595654456691853185e-02 -7.623314256919336285e-02 -7.265313444617234329e-02 -6.065360428603347454e-02 -1.066521680991932564e-01 -2.916359009635423605e-01 -1.376638415245361013e+00 -2.072711712805535456e+00 -1.547298428191662190e+01 1.443265961312006418e+01 -2.482203510713306400e+02 8.897434489560732800e+02 -6.135981183856316420e+03 2.546523436108589522e+04 -5.888105214698473901e+03 8.472248599364681922e+02 -2.181783781135523839e+02 1.624930435853514865e+01 -1.152031440260337014e+01 -9.836516947941800204e-01 -8.254516391236048634e-01 -1.373975218774511065e-01 -5.236562343198926384e-02 -2.604923100247760401e-02 -2.934416383361143979e-02 -2.803590889938807271e-02 -2.211347710881484546e-02 -1.476175766697153391e-02 -8.861800855526881515e-03 -5.293438257102812267e-03 -3.614913878588155768e-03 -2.950874627748292615e-03 -2.594977036437799440e-03 -2.209039881945700813e-03 -1.749441018111975912e-03 -1.313842893446487978e-03 -9.439975795855553523e-04 -9.188245169061217982e-04
-8.845185616835367359e-02 -2.526070948397834276e-02 -1.817812444032834013e-02 -1.342161275562162200e-02 -1.082049681262331649e-02 -8.997792509644116088e-03 -7.805088237763459919e-03 -7.165978195772420775e-03 -6.983957326802637741e-03 -7.071055793598892032e-03 -7.194289370174670843e-03 -7.180615824842508967e-03 -7.024258674513648298e-03 -6.924971797471206510e-03 -7.207953469270616739e-03 -8.134977926056677355e-03 -9.691521628416029099e-03 -1.149178978293283367e-02 -1.293386905436751458e-02 -1.363341084517152337e-02 -1.398475977107362621e-02 -1.551235902896617135e-02 -2.058771866104418605e-02 -3.126541845251595841e-02 -4.732297548580342156e-02 -6.455296702656306007e-02 -7.479893280948157752e-02 -7.145414603808283860e-02 -5.974062734099579858e-02 -1.053379616960886389e-01 -2.881429246802134636e-01 -1.365339972901771448e+00 -2.050966666514785874e+00 -1.540334565595396832e+01 1.447112270505988008e+01 -2.477644472489454586e+02 8.891690105890814948e+02 -6.132621524738783592e+03 2.546533593324334652e+04 -5.891188669082678643e+03 8.477543982688908955e+02 -2.185124637369446816e+02 1.623667847592099989e+01 -1.155803313830684509e+01 -9.926319041236814078e-01 -8.299245606339040737e-01 -1.385123864317462372e-01 -5.273424811493581527e-02 -2.626289854027078277e-02 -2.959727913056291529e-02 -2.829802372813974842e-02 -2.233388739983208776e-02 -1.491734770823273208e-02 -8.959660609119228514e-03 -5.354176992779221232e-03 -3.657898348915264441e-03 -2.987348897668459444e-03 -2.628839514113704735e-03 -2.237979981471913474e-03 -1.782706942036915709e-03 -1.300431611055975463e-03 -1.185749044063048180e-03
-7.966717535300207875e-02 -2.267716715721332377e-02 -1.646170135616871477e-02 -1.232645449773369858e-02 -1.010673830602465059e-02 -8.490019111834322743e-03 -7.309549724702812772e-03 -6.528839483924176595e-03 -6.155770310235268543e-03 -6.133324575231016360e-03 -6.314641369213491555e-03 -6.504938403100090673e-03 -6.556466850732435396e-03 -6.468687633880768929e-03 -6.429168600043912857e-03 -6.745139146994421665e-03 -7.669116233185634124e-03 -9.195202861294340946e-03 -1.096206862430122025e-02 -1.239408315623331293e-02 -1.311725226154675066e-02 -1.350239264523491259e-02 -1.503538358108529906e-02 -2.001496356814222444e-02 -3.046408278972074710e-02 -4.626086673574855701e-02 -6.328494814530910562e-02 -7.349066654159730483e-02 -7.034728276489328469e-02 -5.889765311052416741e-02 -1.041176800213556575e-01 -2.848877156474025063e-01 -1.354768574183585317e+00 -2.030593449162899855e+00 -1.533783172306106124e+01 1.450715246639388667e+01 -2.473335078905702744e+02 8.886241858871484283e+02 -6.129435536391206369e+03 2.546542988955894180e+04 -5.894119171744916457e+03 8.482576765584780105e+02 -2.188307960200091316e+02 1.622449788051913799e+01 -1.159408777098685484e+01 -1.001241948195923381e+00 -8.342130923774073725e-01 -1.395835597059259525e-01 -5.308872056570211606e-02 -2.646866736659550870e-02 -2.984119439048846592e-02 -2.855083849354553976e-02 -2.254667658369287342e-02 -1.506770576991793217e-02 -9.054330736809937039e-03 -5.413041958170321244e-03 -3.699611452360201166e-03 -3.023393364990895234e-03 -2.660576128493450689e-03 -2.278427517556545767e-03 -1.764983025083441751e-03 -1.612147333594248768e-03
-7.603650047462677530e-02 -2.116695402551999755e-02 -1.505212805940161699e-02 -1.113293594545762197e-02 -9.196165525173355393e-03 -7.874140786729036043e-03 -6.888057279888977827e-03 -6.132565893084526015e-03 -5.628811408000330627e-03 -5.414659742824587917e-03 -5.472580491668136218e-03 -5.697583705001310790e-03 -5.928054991980335857e-03 -6.031543529748650649e-03 -6.003387564669005784e-03 -6.014277538292147132e-03 -6.353708641539905846e-03 -7.267448501252852730e-03 -8.759436823989165746e-03 -1.049247217965654927e-02 -1.191146387509220417e-02 -1.266088729322633472e-02 -1.307002576725507965e-02 -1.456918809910437602e-02 -1.947232098557475505e-02 -2.975405559240198658e-02 -4.530047685729171603e-02 -6.211841860277465127e-02 -7.228498394169016739e-02 -6.932315835941336990e-02 -5.811595569992165228e-02 -1.029814303421000693e-01 -2.818466666265299625e-01 -1.344856238066973519e+00 -2.011466577116225896e+00 -1.527608663320412141e+01 1.454096978587676858e+01 -2.469255364898065750e+02 8.881067437387783912e+02 -6.126410091259665933e+03 2.546551697285328919e+04 -5.896907828294465617e+03 8.487366003862452999e+02 -2.191344638910898937e+02 1.621274169539148602e+01 -1.162858601955172766e+01 -1.009504112220942940e+00 -8.383283737397105861e-01 -1.406135387988550478e-01 -5.342983275772143770e-02 -2.666696094242817713e-02 -3.007639495326537571e-02 -2.879483156009971997e-02 -2.275222937622360317e-02 -1.521309621565941107e-02 -9.146025594184134522e-03 -5.470143459093751957e-03 -3.740968406470918019e-03 -3.056870497175335349e-03 -2.708123520133900574e-03 -2.250333008760679876e-03 -2.186819123938847902e-03
-7.481470618786748017e-02 -2.032730359365022416e-02 -1.399218140101754146e-02 -1.004751298007293403e-02 -8.241365396538719024e-03 -7.156710772700392541e-03 -6.413363966775394165e-03 -5.806044277330584501e-03 -5.299417377060401842e-03 -4.947656668102916669e-03 -4.819467049941185757e-03 -4.925631786949324908e-03 -5.184924297814541734e-03 -5.451445355553764457e-03 -5.598004810951508377e-03 -5.614779502972706317e-03 -5.660542761133742148e-03 -6.012584206030321780e-03 -6.913414936516933118e-03 -8.371686584877791742e-03 -1.008097389389747862e-02 -1.148142475901409686e-02 -1.221166532790545108e-02 -1.265465083207678761e-02 -1.416963344355320724e-02 -1.899212717111782231e-02 -2.910414862834795335e-02 -4.441979342319975210e-02 -6.104261190975442120e-02 -7.116924623019160734e-02 -6.837265846033499517e-02 -5.738887347578369019e-02 -1.019207058792418047e-01 -2.789992926875972112e-01 -1.335543237134773742e+00 -1.993475409283556266e+00 -1.521779433563101769e+01 1.457276984816274812e+01 -2.465387439723116358e+02 8.876146715265699640e+02 -6.123533352383180500e+03 2.546559783753426746e+04 -5.899564694552192123e+03 8.491928953562227207e+02 -2.194244581476053781e+02 1.620139007093597883e+01 -1.166162650596728412e+01 -1.017438941509889450e+00 -8.422806684989219139e-01 -1.416046369825182949e-01 -5.375831972813656379e-02 -2.685817334606060980e-02 -3.030333303487520516e-02 -2.903045439029501920e-02 -2.295091676671479064e-02 -1.535384428443907663e-02 -9.234916661095443277e-03 -5.526721790651428073e-03 -3.779053270666487586e-03 -3.112046573264948789e-03 -2.662922574993308901e-03 -2.818256724491829696e-03
-7.278798675974648691e-02 -1.952650892523294726e-02 -1.317142894179978985e-02 -9.217370775780019121e-03 -7.434874829291253026e-03 -6.450562880154100606e-03 -5.866469132084778035e-03 -5.422586858423798263e-03 -5.013541571067994806e-03 -4.645213256960167153e-03 -4.391941002501234363e-03 -4.331267888625972909e-03 -4.480812986454862923e-03 -4.768482948654448501e-03 -5.058893007227435734e-03 -5.232375956267075121e-03 -5.278934596276802123e-03 -5.350719680824084050e-03 -5.710282381591573128e-03 -6.607537950264487023e-03 -8.028900151898631099e-03 -9.669948647631959604e-03 -1.106750407122262386e-02 -1.183199104379788549e-02 -1.229393037136288121e-02 -1.380614176417135214e-02 -1.855566016429514506e-02 -2.850805170993369816e-02 -4.360817362025883742e-02 -6.004718013991962311e-02 -7.013354581002427535e-02 -6.748800495029942670e-02 -5.671078666659342543e-02 -1.009281591120602811e-01 -2.763276711353094828e-01 -1.326776863458612343e+00 -1.976522005381431413e+00 -1.516267315847094288e+01 1.460272574460215544e+01 -2.461715224272927571e+02 8.871461490391445750e+02 -6.120794618591462495e+03 2.546567306193328477e+04 -5.902098897733922968e+03 8.496281278494907383e+02 -2.197016822696013492e+02 1.619042416192258216e+01 -1.169329969538313918e+01 -1.025065406487960074e+00 -8.460794484315073971e-01 -1.425589990749485114e-01 -5.407486331613869934e-02 -2.704267130942241554e-02 -3.052243643363942993e-02 -2.925814225996966819e-02 -2.314318307582117693e-02 -1.549020197720473238e-02 -9.322613558359600303e-03 -5.578899114823827540e-03 -3.845266743897802694e-03 -3.046889742194840850e-03 -3.389138415463711484e-03
-6.822038541169786474e-02 -1.835173086618781257e-02 -1.242224896510724444e-02 -8.647950817963719061e-03 -6.874098929984654750e-03 -5.871626470199841318e-03 -5.312797618558612496e-03 -4.958144521102401080e-03 -4.667682968111764620e-03 -4.381615595760272007e-03 -4.118370947599702368e-03 -3.948012316435225121e-03 -3.942448924886519240e-03 -4.121010368741133585e-03 -4.421860587006536808e-03 -4.722781126324161749e-03 -4.914661672912582283e-03 -4.983146823311896019e-03 -5.086647434697883288e-03 -5.445489105773182285e-03 -6.287877802794624923e-03 -7.692297238289514706e-03 -9.329612570935742408e-03 -1.071159606316544020e-02 -1.148822709014101807e-02 -1.196869192328061347e-02 -1.347513851005172417e-02 -1.815598580527141501e-02 -2.795915695455571115e-02 -4.285757821832880676e-02 -5.912333681338785563e-02 -6.916949604314873157e-02 -6.666252902186323159e-02 -5.607685895770593565e-02 -9.999739054178422015e-02 -2.738160374451963919e-01 -1.318510418171034315e+00 -1.960519351725646953e+00 -1.511047125457990603e+01 1.463099149309817371e+01 -2.458224227348790407e+02 8.866995260300201380e+02 -6.118184191462067247e+03 2.546574315867618134e+04 -5.904518741225305348e+03 8.500437229713515990e+02 -2.199669618340855948e+02 1.617982609613292055e+01 -1.172368872193377065e+01 -1.032401048931679721e+00 -8.497334667554301557e-01 -1.434786150380950587e-01 -5.438009677131094149e-02 -2.722080415566190820e-02 -3.073411960038987395e-02 -2.947841511639021431e-02 -2.332935826970968657e-02 -1.562413454350002236e-02 -9.404273376190376912e-03 -5.664754114022114810e-03 -3.765046500150380504e-03 -3.915302890166730970e-03
-6.155865955617874363e-02 -1.681447547559718550e-02 -1.163081738988834199e-02 -8.226251968154754679e-03 -6.517224645498927160e-03 -5.460637778076734075e-03 -4.835393250929864890e-03 -4.474277027864227013e-03 -4.253118281280258810e-03 -4.073900380653440283e-03 -3.887458112284422965e-03 -3.707153712203664891e-03 -3.595791159960716205e-03 -3.623686675937135785e-03 -3.815857746308745028e-03 -4.122987055843857149e-03 -4.428796035282364305e-03 -4.646765627879222323e-03 -4.726199366992722174e-03 -4.800142689517981204e-03 -5.176744130746454078e-03 -6.034639608091344268e-03 -7.409870787599686683e-03 -9.023161008286904178e-03 -1.039251976715502984e-02 -1.117672699331185779e-02 -1.167263040299376491e-02 -1.317224030205840779e-02 -1.778838155507348959e-02 -2.745194360696391264e-02 -4.216129486277089833e-02 -5.826358395140795315e-02 -6.826988145057240331e-02 -6.589045877924927519e-02 -5.548288886127584335e-02 -9.912279048315920937e-02 -2.714504633742182982e-01 -1.310702374862714681e+00 -1.945389878698083219e+00 -1.506096275441270649e+01 1.465770457744971189e+01 -2.454901354307780252e+02 8.862733028435463893e+02 -6.115693260553396613e+03 2.546580858344400258e+04 -5.906831795484260510e+03 8.504409801243697302e+02 -2.202210527369307727e+02 1.616957893768339005e+01 -1.175287011588906871e+01 -1.039462111984863490e+00 -8.532508240115886933e-01 -1.443653343321245619e-01 -5.467461843388989745e-02 -2.739291495341072621e-02 -3.093889846037740921e-02 -2.969164702317211163e-02 -2.351175488071029912e-02 -1.574996213362560987e-02 -9.524197196566800902e-03 -5.579972306391691415e-03 -4.767147181176991169e-03
-5.472944030941288840e-02 -1.523637810574661119e-02 -1.079055649383151017e-02 -7.811584340424966751e-03 -6.236011859756469648e-03 -5.171440482049320837e-03 -4.475750255450612614e-03 -4.055156689247500085e-03 -3.832257953618635384e-03 -3.715651978209481236e-03 -3.620999336696082652e-03 -3.503002690409933069e-03 -3.375385230780104939e-03 -3.300305055560032608e-03 -3.350925735151046633e-03 -3.550418491028912906e-03 -3.874756441492457210e-03 -4.175712318798492639e-03 -4.352170097165605246e-03 -4.462051658349368809e-03 -4.581811207677135775e-03 -4.958941192700083017e-03 -5.808257517183500716e-03 -7.159214906691503677e-03 -8.747124335663703648e-03 -1.010342252499664938e-02 -1.089293210294051302e-02 -1.140171054890515637e-02 -1.289386586195056042e-02 -1.744903356437667308e-02 -2.698177672143969169e-02 -4.151360243112417470e-02 -5.746146141285643494e-02 -6.742844215070606384e-02 -6.516676274174529326e-02 -5.492520159737637048e-02 -9.829941580495277220e-02 -2.692185940003181122e-01 -1.303315680939136412e+00 -1.931064214249353483e+00 -1.501394450034858608e+01 1.468298809317839648e+01 -2.451734742740487718e+02 8.858661136296108225e+02 -6.113313804046249061e+03 2.546586974239826668e+04 -5.909044977165790442e+03 8.508210865659440287e+02 -2.204646483950493234e+02 1.615966664671852726e+01 -1.178091444638835483e+01 -1.046263657551353976e+00 -8.566390293462619043e-01 -1.452208898380029922e-01 -5.495900831621291366e-02 -2.755948671881391920e-02 -3.113714978398285024e-02 -2.990067111987818743e-02 -2.368375669369720410e-02 -1.592140184897591210e-02 -9.438026363240127614e-03 -6.804720010128307260e-03
-4.966269741297812262e-02 -1.396314703664008720e-02 -9.976441293335450503e-03 -7.323938965078363901e-03 -5.911365979204829223e-03 -4.916957124591619585e-03 -4.215501353136946738e-03 -3.747189482018150816e-03 -3.478647472813560949e-03 -3.356402102098361099e-03 -3.307422432244170978e-03 -3.262222287941136164e-03 -3.184890012245497701e-03 -3.094457908860641804e-03 -3.045038203680371525e-03 -3.128615757325443631e-03 -3.324415774755594150e-03 -3.591675438763999861e-03 -3.912119591955389580e-03 -4.132597467957317867e-03 -4.252294575057656220e-03 -4.388027757916294902e-03 -4.768202561673365834e-03 -5.606162564083528622e-03 -6.933734795996135750e-03 -8.496961776800348795e-03 -9.839978666539987359e-03 -1.063315195264371259e-02 -1.115274952811691651e-02 -1.263707777519351531e-02 -1.713475477422297250e-02 -2.654471280336272165e-02 -4.090957555431688070e-02 -5.671136216134154556e-02 -6.663971306562845032e-02 -6.448702953592286291e-02 -5.440056536869099929e-02 -9.752289116955337178e-02 -2.671094302053659830e-01 -1.296317170308459721e+00 -1.917480130265047711e+00 -1.496923326212534633e+01 1.470695256900567927e+01 -2.448713620825651844e+02 8.854767117530834639e+02 -6.111038502437159877e+03 2.546592699849987912e+04 -5.911164618214781513e+03 8.511851292472287014e+02 -2.206983860743887078e+02 1.615007403643374317e+01 -1.180788689156015536e+01 -1.052819673041629933e+00 -8.599050693570885473e-01 -1.460469331715196495e-01 -5.523405633745780835e-02 -2.772092235853105407e-02 -3.133284121161776514e-02 -3.009692167148774952e-02 -2.392062697967337406e-02 -1.580666945828855877e-02 -1.119161852230442580e-02
-4.704601961241911684e-02 -1.312940345983574023e-02 -9.273194806766740447e-03 -6.776645601207918063e-03 -5.503190840335591728e-03 -4.630740938370727852e-03 -3.999571404951876227e-03 -3.536621010148701966e-03 -3.225645601680005373e-03 -3.053352521242078642e-03 -2.987572612848736139e-03 -2.974780910520123060e-03 -2.962283464080511450e-03 -2.912966301798978943e-03 -2.869196272810503427e-03 -2.830221734778745613e-03 -2.861038755483272938e-03 -3.080932591066991993e-03 -3.388950449533292483e-03 -3.707274398035894161e-03 -3.938999029930574831e-03 -4.070352793422598627e-03 -4.216525655453325777e-03 -4.598161492368353469e-03 -5.424408362391867737e-03 -6.729509578342181275e-03 -8.269041037972860511e-03 -9.598807240690945472e-03 -1.039438704384754858e-02 -1.092312745235917738e-02 -1.239942055390843081e-02 -1.684284178614362318e-02 -2.613736381830748107e-02 -4.034494284167710471e-02 -5.600839047016720196e-02 -6.589889782527207085e-02 -6.384737248790386954e-02 -5.390612464898658640e-02 -9.678932849068362654e-02 -2.651131471410978491e-01 -1.289677066864796995e+00 -1.904581647633190489e+00 -1.492666335244616960e+01 1.472969751975665886e+01 -2.445828184791258764e+02 8.851039570703114805e+02 -6.108860663323165682e+03 2.546598067690694734e+04 -5.913196526378981616e+03 8.515341051819428912e+02 -2.209228524639623572e+02 1.614078673107793804e+01 -1.183384774389050875e+01 -1.059143188715513828e+00 -8.630555031212261419e-01 -1.468454314405243932e-01 -5.550053590130079456e-02 -2.788356368668109056e-02 -3.151281290256331691e-02 -3.040195314708326463e-02 -2.369835876221021084e-02 -1.868074358360240564e-02
-4.606012115921878647e-02 -1.261166219378190116e-02 -8.713211333243519804e-03 -6.245053127144244327e-03 -5.056278749727772040e-03 -4.302032728167675367e-03 -3.776594611222396786e-03 -3.369555381144715821e-03 -3.052680008332744541e-03 -2.831672880347710884e-03 -2.712693358753575420e-03 -2.683202780771755391e-03 -2.693523398480327478e-03 -2.725822049958143665e-03 -2.686867218301161337e-03 -2.590726067926850135e-03 -2.592029328424934418e-03 -2.679421467764870647e-03 -2.898702636756597933e-03 -3.211638193109251412e-03 -3.531416834916031172e-03 -3.768873952156594296e-03 -3.909301801880035038e-03 -4.063430050467721835e-03 -4.445294979608909423e-03 -5.259903249144611860e-03 -6.543550503581203187e-03 -8.060445639816577607e-03 -9.377146275673993447e-03 -1.017414961507285588e-02 -1.071064807035198262e-02 -1.217881378252508133e-02 -1.657097807082931126e-02 -2.575679689401893721e-02 -3.981597773968401782e-02 -5.534824972534205245e-02 -6.520176747964639974e-02 -6.324435240320544493e-02 -5.343934600479650215e-02 -9.609526039754430482e-02 -2.632209415800761398e-01 -1.283368562421726589e+00 -1.892318272347736974e+00 -1.488608457670950003e+01 1.475131277587496115e+01 -2.443069492541950467e+02 8.847468047986890269e+02 -6.106774155653284652e+03 2.546603106959718571e+04 -5.915146038359163867e+03 8.518689305589671221e+02 -2.211385885922512671e+02 1.613179112770362522e+01 -1.185885289653110775e+01 -1.065246442010716610e+00 -8.660971417396144956e-01 -1.476182771901099755e-01 -5.576900343543531036e-02 -2.802530334439834458e-02 -3.187874226016365609e-02 -2.994533071810898464e-02 -2.845735368695744352e-02
-4.513125075913317769e-02 -1.215673049207791415e-02 -8.262322417804524380e-03 -5.803595644858503336e-03 -4.651743189987418009e-03 -3.968041512571351091e-03 -3.527855930935173447e-03 -3.192373096009734103e-03 -2.908798189934618580e-03 -2.673809349306581571e-03 -2.511746540912456350e-03 -2.427881088988844728e-03 -2.448583374359031891e-03 -2.462913081188641915e-03 -2.427845662978467354e-03 -2.433740951645973604e-03 -2.408422116931611002e-03 -2.419940520584561768e-03 -2.522033355631304267e-03 -2.744679710475631321e-03 -3.057312844030315654e-03 -3.376937353886655217e-03 -3.617955793797281334e-03 -3.765396498858592737e-03 -3.925754733884518309e-03 -4.307000237171517733e-03 -5.110219881312281012e-03 -6.373455969804516300e-03 -7.868781077916810196e-03 -9.172695860519362171e-03 -9.970346317984471810e-03 -1.051344768814153896e-02 -1.197347705131478202e-02 -1.631716275714681710e-02 -2.540045716499817960e-02 -3.931941200749373283e-02 -5.472715179664543184e-02 -6.454457778197601747e-02 -6.267491414957432339e-02 -5.299797343750473066e-02 -9.543758450319091147e-02 -2.614249022607725292e-01 -1.277367455526367213e+00 -1.880644340030400929e+00 -1.484736046319904545e+01 1.477187962550294920e+01 -2.440429371028932053e+02 8.844042957516729757e+02 -6.104773352082653219e+03 2.546607843935038545e+04 -5.917018066610988171e+03 8.521904487817630525e+02 -2.213460941763813423e+02 1.612307429850340057e+01 -1.188295435323571958e+01 -1.071141872664771233e+00 -8.690361891762203861e-01 -1.483819273796042337e-01 -5.600387843345582678e-02 -2.845505606873389645e-02 -3.107234521667714966e-02 -3.713027401069825956e-02
-4.307119285401459635e-02 -1.156529297416689431e-02 -7.852693755141866572e-03 -5.476532491624015037e-03 -4.345567706620215298e-03 -3.677650628524819620e-03 -3.269520243250721367e-03 -2.983629539875209871e-03 -2.748796118019133927e-03 -2.543177892924686646e-03 -2.362378175366668283e-03 -2.271083819798882554e-03 -2.198107730955144862e-03 -2.139914742657901461e-03 -2.199607208086722457e-03 -2.239147746550826292e-03 -2.255137840680593656e-03 -2.251862350586451237e-03 -2.276737072999924713e-03 -2.386650555429623444e-03 -2.610806547416328650e-03 -2.921537451557002386e-03 -3.239804167454143208e-03 -3.482989153052624531e-03 -3.635909281001339054e-03 -3.801195908631771220e-03 -4.181228287464332227e-03 -4.973400307263950611e-03 -6.217251964808341753e-03 -7.692049718493366647e-03 -8.983516003113941814e-03 -9.781196516541900213e-03 -1.032992983950276403e-02 -1.178187429012152523e-02 -1.607965595460738445e-02 -2.506610666449861358e-02 -3.885236574181946678e-02 -5.414174280754181084e-02 -6.392400087773536521e-02 -6.213633388219931553e-02 -5.257999070041500383e-02 -9.481351548298889986e-02 -2.597178981848023427e-01 -1.271651840458227989e+00 -1.869518451544225801e+00 -1.481036673099588619e+01 1.479147179826456160e+01 -2.437900335319675094e+02 8.840755477529103246e+02 -6.102853078275187727e+03 2.546612302320094386e+04 -5.918817140658714379e+03 8.524994375661131016e+02 -2.215458315678582721e+02 1.611462383892525452e+01 -1.190620168458110051e+01 -1.076840381035860661e+00 -8.718971531267858399e-01 -1.490859159931604006e-01 -5.661452448818395100e-02 -2.731821460712188440e-02 -4.037288082229235908e-02
-3.979049545848388492e-02 -1.080344078872009887e-02 -7.431415281238099024e-03 -5.230273113907812563e-03 -4.135740033053426044e-03 -3.455564667241992939e-03 -3.033349305928059216e-03 -2.757696194952546313e-03 -2.564029369418113075e-03 -2.392462641785860281e-03 -2.274678524980171777e-03 -2.115651466312633549e-03 -1.942335646830431126e-03 -1.927658150036251714e-03 -1.954408201935185514e-03 -2.019811545535489441e-03 -2.078665232031492484e-03 -2.108379241673776546e-03 -2.118576231344275820e-03 -2.153604664698788567e-03 -2.268728533356655520e-03 -2.493001118568215473e-03 -2.800977359091599405e-03 -3.117121815600887649e-03 -3.361487215168741573e-03 -3.518717093066372949e-03 -3.687922058334907813e-03 -4.066321891680936031e-03 -4.847834341134041672e-03 -6.073291325512072784e-03 -7.528565081178849316e-03 -8.807954020519953575e-03 -9.605172448706579200e-03 -1.015871633697450899e-02 -1.160267106629629327e-02 -1.585693577655084702e-02 -2.475177531809966830e-02 -3.841229045248859691e-02 -5.358904206358221928e-02 -6.333706844337405606e-02 -6.162617441533134455e-02 -5.218358872640709023e-02 -9.422054348372270460e-02 -2.580934827998199177e-01 -1.266201840398295753e+00 -1.858902987591731337e+00 -1.477498996004609744e+01 1.481015631850374881e+01 -2.435475517603336186e+02 8.837597480776330485e+02 -6.101008568194703003e+03 2.546616503542964711e+04 -5.920547443693983951e+03 8.527966151176951826e+02 -2.217382292722053023e+02 1.610642676092682635e+01 -1.192863950065459733e+01 -1.082372105506531623e+00 -8.746217412325433260e-01 -1.501868009648154034e-01 -5.545862836769788889e-02 -3.737832171321587432e-02
-3.616369326504892401e-02 -9.987813464953022163e-03 -6.989428367156353718e-03 -5.003991936803896777e-03 -3.973071162826827436e-03 -3.290287715978931337e-03 -2.840312008293663718e-03 -2.552914238736009572e-03 -2.357440383851832841e-03 -2.264803933473349528e-03 -2.116134504944012368e-03 -1.904763554107504961e-03 -1.821602511703708776e-03 -1.754784486852235511e-03 -1.750693920917087594e-03 -1.798438390151112449e-03 -1.874451554185285404e-03 -1.943490371755011948e-03 -1.983383144479909828e-03 -2.003515365396769683e-03 -2.046218077237601119e-03 -2.164912806782036316e-03 -2.388403244631894483e-03 -2.693125756594488222e-03 -3.006662467175826893e-03 -3.251490899987819622e-03 -3.412119761861070241e-03 -3.584445442246791610e-03 -3.960916740232031143e-03 -4.732179026931326513e-03 -5.940184071651337036e-03 -7.376890187801210010e-03 -8.644590834052874248e-03 -9.440954056226254221e-03 -9.998609796891655410e-03 -1.143470152974596608e-02 -1.564766463481239919e-02 -2.445572184602125276e-02 -3.799692280628787222e-02 -5.306639157616197672e-02 -6.278112404004251856e-02 -6.114224762241292355e-02 -5.180713869860137377e-02 -9.365640052985532704e-02 -2.565458148967897367e-01 -1.260999380383212021e+00 -1.848763690077449562e+00 -1.474112643010381873e+01 1.482799425174839847e+01 -2.433148604739994880e+02 8.834561467670796446e+02 -6.099235424604679793e+03 2.546620467011419896e+04 -5.922212845163343445e+03 8.530826456695565412e+02 -2.219236859208292003e+02 1.609847282095108056e+01 -1.195032783843574364e+01 -1.087681226451932881e+00 -8.776484216546054373e-01 -1.495783645562997477e-01 -6.486724632952101111e-02
-3.326482205789650648e-02 -9.279421776690589818e-03 -6.555879411759928804e-03 -4.751659325372017614e-03 -3.801120280743315160e-03 -3.145730198893419757e-03 -2.696197686065035515e-03 -2.375335864952065820e-03 -2.222880116321248635e-03 -2.054944961860761133e-03 -1.847167056172083731e-03 -1.786299759064419700e-03 -1.701520938849743377e-03 -1.635634546655388233e-03 -1.599069507975245255e-03 -1.610511335369401971e-03 -1.668867959519115514e-03 -1.752083221993020303e-03 -1.827878681553031905e-03 -1.875252820651793694e-03 -1.903003850073741983e-03 -1.951609774438639068e-03 -2.072732036275197129e-03 -2.294853421347385711e-03 -2.596036712244055317e-03 -2.906661981460847543e-03 -3.151424081623284412e-03 -3.314732176112380677e-03 -3.489540718999597016e-03 -3.863877214114395421e-03 -4.625304658654819275e-03 -5.816749507527958427e-03 -7.235794462034594865e-03 -8.492203396548023836e-03 -9.287397995229897812e-03 -9.848568876230890182e-03 -1.127694725863074773e-02 -1.545066745470972253e-02 -2.417640748536224043e-02 -3.760425282320594559e-02 -5.257142203486473570e-02 -6.225379374825990020e-02 -6.068259637183433253e-02 -5.144918553282788048e-02 -9.311904981492058475e-02 -2.550696099779050652e-01 -1.256028013891447470e+00 -1.839069331935612395e+00 -1.470868115907856222e+01 1.484504127287159392e+01 -2.430913784337872983e+02 8.831640505720105239e+02 -6.097529584196656288e+03 2.546624210313440562e+04 -5.923816930024028807e+03 8.533581419112872481e+02 -2.221025727533415477e+02 1.609071554338408916e+01 -1.197123143552785685e+01 -1.093482604674628433e+00 -8.779876094566007039e-01 -1.661626401837581202e-01
-3.159680119571596502e-02 -8.769973727228737650e-03 -6.168581679742020721e-03 -4.467885085577910642e-03 -3.590162579753645739e-03 -2.998335392062383403e-03 -2.558016436210227857e-03 -2.304826884796552702e-03 -2.035050698298703636e-03 -1.751321307595542481e-03 -1.689479101780834653e-03 -1.628232076544041578e-03 -1.584136762946668827e-03 -1.535056279780323829e-03 -1.491049696037335124e-03 -1.471616954912995275e-03 -1.494163154610834076e-03 -1.559356089825548498e-03 -1.647257424818307980e-03 -1.727701395226140550e-03 -1.780668793129710787e-03 -1.814369752987482834e-03 -1.867575514450423458e-03 -1.990300276402469024e-03 -2.210667992717685326e-03 -2.508164173665061725e-03 -2.815696999644605285e-03 -3.059999285637562527e-03 -3.225411439621519820e-03 -3.402187836679143595e-03 -3.774249785000150740e-03 -4.526254496921532089e-03 -5.701979754064638237e-03 -7.104220420692943655e-03 -8.349735102672031090e-03 -9.143512398312016523e-03 -9.707687036935270380e-03 -1.112851831920909362e-02 -1.526491251306783155e-02 -2.391247449147945389e-02 -3.723249957439756647e-02 -5.210202747756227659e-02 -6.175296334663458314e-02 -6.024547771951779124e-02 -5.110843783740304930e-02 -9.260667439853621785e-02 -2.536601088763603129e-01 -1.251272806107685653e+00 -1.829791488160784185e+00 -1.467756712472062119e+01 1.486134813278226119e+01 -2.428765696663538733e+02 8.828828176800344636e+02 -6.095887286807493183e+03 2.546627749316683912e+04 -5.925363031132745164e+03 8.536236670360975722e+02 -2.222753276153716513e+02 1.608330231510722541e+01 -1.199312548127321953e+01 -1.092759711293930236e+00 -9.212906789778528838e-01
-3.084255023255825026e-02 -8.432769679386298636e-03 -5.846762704249886845e-03 -4.178870549064873756e-03 -3.363444029541680889e-03 -2.807648291183191536e-03 -2.501435067965624218e-03 -2.144897675081224638e-03 -1.748182713307940526e-03 -1.621289271059987757e-03 -1.519046854472356177e-03 -1.475151101194208244e-03 -1.451741585341513640e-03 -1.429945583719610582e-03 -1.400757174486370318e-03 -1.372705305286429705e-03 -1.365281697412850433e-03 -1.395677103209950250e-03 -1.465446233903692011e-03 -1.556365754405007523e-03 -1.640019097341794720e-03 -1.697217969508845598e-03 -1.735624078347085611e-03 -1.792446671693052797e-03 -1.916168322217761582e-03 -2.134536186873325220e-03 -2.428291187247556392e-03 -2.732637759402770268e-03 -2.976189082344629557e-03 -3.143243280928326167e-03 -3.321570806338851409e-03 -3.691272410384477485e-03 -4.434263969098201780e-03 -5.595068486317976257e-03 -6.981321592080266293e-03 -8.216342125925479856e-03 -9.008511060041947405e-03 -9.575255697608892058e-03 -1.098872962483213138e-02 -1.508960822176770925e-02 -2.366287080752832103e-02 -3.688026702502805038e-02 -5.165654869783025543e-02 -6.127698243915810639e-02 -5.982959040151301922e-02 -5.078404965540184168e-02 -9.211808298236963399e-02 -2.523137065971598481e-01 -1.246721234564925229e+00 -1.820905695977275363e+00 -1.464770613176219882e+01 1.487695959957014225e+01 -2.426699404813558942e+02 8.826118500178581598e+02 -6.094305055873250240e+03 2.546631094021963145e+04 -5.926854299882068517e+03 8.538792032517858388e+02 -2.224416281057122546e+02 1.606686865868750047e+01 -1.198105097461876412e+01 -1.323602877673256906e+00
-3.021520673273254617e-02 -8.159904516469234509e-03 -5.575165777998416540e-03 -3.936951754828907878e-03 -3.115867044612779645e-03 -2.714126405795211968e-03 -2.290886561251734982e-03 -1.816261058074206689e-03 -1.652151295994062951e-03 -1.489001496794359119e-03 -1.390009184526934958e-03 -1.335200953109276544e-03 -1.315677655635279046e-03 -1.311712674519716374e-03 -1.305521924159111025e-03 -1.290065645800381449e-03 -1.273656942052731359e-03 -1.275067965503308984e-03 -1.311121662862632566e-03 -1.383957894813600282e-03 -1.476756918577507970e-03 -1.562599440195358916e-03 -1.623020735498479370e-03 -1.665182299641221201e-03 -1.724866580126133793e-03 -1.849134473280688185e-03 -2.065349462721261659e-03 -2.355367983670144175e-03 -2.656490470756547092e-03 -2.899072482576076255e-03 -3.067393545052133057e-03 -3.246933246245147994e-03 -3.614228631098294429e-03 -4.348603871376113990e-03 -5.495233585674055669e-03 -6.866260020944663436e-03 -8.091169548714803247e-03 -8.881578196390490024e-03 -9.450525254627327454e-03 -1.085685186242539568e-02 -1.492391651549158579e-02 -2.342648298277037050e-02 -3.654605914764594982e-02 -5.123316714602599298e-02 -6.082398326329506444e-02 -5.943339235106975121e-02 -5.047496564793325924e-02 -9.165195822687022265e-02 -2.510267442565750629e-01 -1.242360940097861688e+00 -1.812387657401029584e+00 -1.461902321371088931e+01 1.489192012424312317e+01 -2.424710337930429489e+02 8.823505880789075491e+02 -6.092779707105994930e+03 2.546634255972508254e+04 -5.928294284714343121e+03 8.541270103551933062e+02 -2.226159258716446914e+02 1.610531755280915434e+01 -1.232503670402486762e+01
-2.908276745398394661e-02 -7.835384372956732263e-03 -5.349373024192262058e-03 -3.703857077683869823e-03 -3.051353438367350804e-03 -2.449640581255504556e-03 -1.857112944227117240e-03 -1.691500594524658532e-03 -1.515000022736723165e-03 -1.388708324023795208e-03 -1.288667653070964996e-03 -1.223150410134972096e-03 -1.192728808339395740e-03 -1.189715369188324703e-03 -1.198382413092208016e-03 -1.203060340623158305e-03 -1.197570824131366030e-03 -1.189887102112602811e-03 -1.197967918190445853e-03 -1.238173707635699134e-03 -1.313046314493634915e-03 -1.406939438610851694e-03 -1.494241139915000044e-03 -1.557136524586969981e-03 -1.602342481274843418e-03 -1.664340144604700006e-03 -1.788865820065328955e-03 -2.002889377239252741e-03 -2.289256252976900642e-03 -2.587189763214302243e-03 -2.828679515103382867e-03 -2.998027320643101810e-03 -3.178608650907566429e-03 -3.543624225424951701e-03 -4.269918669561672750e-03 -5.403204982207479405e-03 -6.759820259295517934e-03 -7.975095732100624668e-03 -8.763817216607853317e-03 -9.335014788101631683e-03 -1.073497762443522199e-02 -1.477051576237417042e-02 -2.320639186757429695e-02 -3.623308999325644542e-02 -5.083518997206450118e-02 -6.039799313233705502e-02 -5.906321441257358223e-02 -5.019211113712601646e-02 -9.122549137190343049e-02 -2.498218236257374325e-01 -1.238212011925953426e+00 -1.804246966579559297e+00 -1.459147788945314161e+01 1.490622071502883905e+01 -2.422795532864818995e+02 8.820978866124248725e+02 -6.091309162659102185e+03 2.546636498981376280e+04 -5.929678200312270747e+03 8.542433675432166638e+02 -2.223487172922820889e+02 1.307844200310267269e+01
-2.728252657213818544e-02 -7.454358741824272487e-03 -5.048298778273174747e-03 -3.715015227688172467e-03 -2.777322192952906728e-03 -1.923012908495180112e-03 -1.705728821975835158e-03 -1.506656834254364039e-03 -1.385759325908323628e-03 -1.286402629812994367e-03 -1.202454931403173491e-03 -1.135252668159731759e-03 -1.092513413757332033e-03 -1.077938358396376669e-03 -1.086058920618667659e-03 -1.103400581682535513e-03 -1.115856467498605288e-03 -1.117783855510635872e-03 -1.116746497994913594e-03 -1.129901304326197051e-03 -1.173126580355916999e-03 -1.249260024631926791e-03 -1.343657478282530822e-03 -1.431849951007681037e-03 -1.496590134927866305e-03 -1.544181897078133938e-03 -1.607917819044112420e-03 -1.732322693696101328e-03 -1.944002414304773878e-03 -2.226701516367251242e-03 -2.521395568095326049e-03 -2.761555873364004553e-03 -2.931477781201518012e-03 -3.112571308371692071e-03 -3.474945725066567667e-03 -4.193165190859251580e-03 -5.313468472994886324e-03 -6.656094297516854455e-03 -7.861756904919699196e-03 -8.648066739836288846e-03 -9.220146172671844081e-03 -1.061243518409281904e-02 -1.461626826693802894e-02 -2.298717366113586444e-02 -3.592416350199585662e-02 -5.044359019526770821e-02 -5.997612095494511686e-02 -5.868717247132593240e-02 -4.988679939319699830e-02 -9.076556082361131317e-02 -2.485994459853967109e-01 -1.234154234993189547e+00 -1.796357406404903267e+00 -1.456488914630580567e+01 1.492014512092082867e+01 -2.420941396018410217e+02 8.818556914077903457e+02 -6.089880460614841468e+03 2.546638731422467026e+04 -5.930891623411136607e+03 8.540260772452063520e+02 -2.193017941001714064e+02
-2.558946108371431064e-02 -6.927205557551659870e-03 -5.092500451072308650e-03 -3.393416520637767501e-03 -2.138233300321007880e-03 -1.809210211191958784e-03 -1.521682401693244101e-03 -1.364930761932585043e-03 -1.261509253966856727e-03 -1.188559479876822363e-03 -1.126755686632018505e-03 -1.070649556198273759e-03 -1.024693475428443273e-03 -9.974062052268541177e-04 -9.935774239005746265e-04 -1.009246541123922682e-03 -1.032627483520757224e-03 -1.050874000415707001e-03 -1.058719469961060802e-03 -1.063225717955483584e-03 -1.080667988349808678e-03 -1.126369078178255214e-03 -1.203421062989263419e-03 -1.298191667106003873e-03 -1.387397174737999310e-03 -1.454378502042482334e-03 -1.504974894268794284e-03 -1.571169864823458587e-03 -1.696163811226821709e-03 -1.906204836044660903e-03 -2.186125317966633626e-03 -2.478964709003607728e-03 -2.719924523417050887e-03 -2.893267381612887705e-03 -3.078067146356972851e-03 -3.440829425455772458e-03 -4.153633405032576380e-03 -5.263800334578684105e-03 -6.596869045696631371e-03 -7.800605004077448834e-03 -8.596254669201903315e-03 -9.183949908158867831e-03 -1.058337865017480554e-02 -1.456768720521345144e-02 -2.288441869366523301e-02 -3.575005137139303235e-02 -5.022972983514172041e-02 -5.981823137420090586e-02 -5.871121212421268748e-02 -5.014512543380263143e-02 -9.100469358739191050e-02 -2.481279391164072090e-01 -1.230880848432583274e+00 -1.789745708679344904e+00 -1.454178391805667303e+01 1.492169334025620664e+01 -2.419348080045977554e+02 8.814844326384272790e+02 -6.088403530947713080e+03 2.546423954675969071e+04 -5.924669666511180367e+03 8.005597127473096180e+02
-2.277958517868750726e-02 -6.923972889449197914e-03 -4.409773208887435639e-03 -2.334708231435786777e-03 -1.941089163547521455e-03 -1.551841759391337124e-03 -1.333165646165911881e-03 -1.186401029656088905e-03 -1.096368223539778827e-03 -1.039951992932692994e-03 -9.991302435513893260e-04 -9.617144037216534538e-04 -9.248569937690589559e-04 -8.941482955153041675e-04 -8.784534639487499288e-04 -8.828939874336305671e-04 -9.041683122762521731e-04 -9.314491852248472795e-04 -9.528468179233540777e-04 -9.636854365668593098e-04 -9.710466677202137962e-04 -9.907329071471701262e-04 -1.037436388323276833e-03 -1.113882126810840107e-03 -1.206613697989600623e-03 -1.293032070845655029e-03 -1.357307917067629389e-03 -1.405732234884367413e-03 -1.469968540440049149e-03 -1.592131547258631742e-03 -1.797111397899901070e-03 -2.068899577574727106e-03 -2.350863095013195573e-03 -2.579729243131159960e-03 -2.741643502079521826e-03 -2.916443400865331714e-03 -3.268928758989204323e-03 -3.966782193353519254e-03 -5.051847557451031451e-03 -6.346271204133533544e-03 -7.499663223933032002e-03 -8.240937716201914010e-03 -8.779383441202170263e-03 -1.013580883774572831e-02 -1.406516323839409818e-02 -2.227197030363223945e-02 -3.491454036051442472e-02 -4.901544084671698859e-02 -5.808910069089138345e-02 -5.644624764446738024e-02 -4.751252350790010487e-02 -8.818522186152333298e-02 -2.448925435215285606e-01 -1.223744052407397254e+00 -1.773576426628616032e+00 -1.447451042553271705e+01 1.500322462154740499e+01 -2.412657272758224565e+02 8.808750979131642680e+02 -6.079141148732483089e+03 2.543682365252587260e+04 -5.730014437093244851e+03
-2.948778190197247698e-02 -6.725737849664422882e-03 -3.459444904478846741e-03 -2.648631312214183575e-03 -2.088208398306762390e-03 -1.768341061720139296e-03 -1.538472706305109381e-03 -1.375550565053007979e-03 -1.264168207046311712e-03 -1.194668693922259790e-03 -1.154035970897088073e-03 -1.127331524570336901e-03 -1.102574157654716150e-03 -1.075677349795988759e-03 -1.051573294665131579e-03 -1.040162362688711603e-03 -1.049044201421406308e-03 -1.077412166782679495e-03 -1.115318241894696022e-03 -1.149470646635230046e-03 -1.172423019391831368e-03 -1.189168194609687302e-03 -1.215963883287656802e-03 -1.270773975122706971e-03 -1.360603222696753559e-03 -1.474343775811575710e-03 -1.587721336368173820e-03 -1.679752243729336911e-03 -1.751540304660685133e-03 -1.834034125165024624e-03 -1.975535181694751743e-03 -2.211869067309386351e-03 -2.536139286335846715e-03 -2.891604274666190275e-03 -3.203017162385073981e-03 -3.438931865937599943e-03 -3.670139652819624961e-03 -4.075382788330739886e-03 -4.862368740876099778e-03 -6.122310772800084074e-03 -7.702384144556489662e-03 -9.221120422362385702e-03 -1.032014698225742350e-02 -1.112078347920036729e-02 -1.266191586783155937e-02 -1.693023943021785410e-02 -2.609227890368847474e-02 -4.082784691226330753e-02 -5.835096532322706087e-02 -7.155895420726483824e-02 -7.310113567051092220e-02 -6.461242752155908764e-02 -1.031481877290325450e-01 -2.683468199898788598e-01 -1.283910850582242968e+00 -2.071897449669146685e+00 -1.494315281253940597e+01 1.145780592266477704e+01 -2.383641164334624136e+02 8.238546804684141307e+02 -5.881453208444735537e+03 2.403467348611571288e+04
