2.165100847700709346e+04 -7.392070663060108927e+03 9.170145495884902402e+02 -3.888533176038964143e+02 -1.397247198632820719e+01 -3.544479534808579757e+01 -8.861419377413030318e+00 -4.027157611556566152e+00 -9.677385874653967601e-01 -2.148293622236894240e-01 -7.811146812716297794e-02 -1.364337313541148788e-01 -1.766292377780701306e-01 -1.645507236492664283e-01 -1.203594685159142669e-01 -7.316810836001065577e-02 -4.014502992556905070e-02 -2.438155203029692200e-02 -2.038892172597777178e-02 -2.072265411669161825e-02 -2.028284468501584045e-02 -1.750072978999092990e-02 -1.331359320594193221e-02 -9.404323586152328954e-03 -6.869632360348660281e-03 -5.790357104829784059e-03 -5.548397177251519936e-03 -5.399076064076903554e-03 -4.986194992114270294e-03 -4.043706647856796198e-03 -4.319652151891672197e-03
-4.020338463201793729e+03 2.496838012295427689e+04 -6.826560793838669269e+03 9.476726142052502837e+02 -3.207035550080322537e+02 3.830015498294160103e+00 -2.456257670007355287e+01 -4.752495440507325419e+00 -2.404972090471718005e+00 -5.369309238770302306e-01 -1.798538965554475622e-01 -1.218366259682114594e-01 -1.493421536684753914e-01 -1.499937341856858730e-01 -1.210076703928092690e-01 -8.171855743494425839e-02 -4.939173486905309302e-02 -3.039074388315263914e-02 -2.255163844973480380e-02 -2.038043357275485037e-02 -1.920555871977965706e-02 -1.689047750205246307e-02 -1.351052121595975805e-02 -1.011564602756703096e-02 -7.603293869828831042e-03 -6.210914432527400719e-03 -5.600039223804725852e-03 -5.273491231547447824e-03 -4.758586667782494645e-03 -4.520998247502775250e-03 -2.937452680118541465e-03
5.770051070592280666e+02 -5.248909823158275685e+03 2.532001114482998310e+04 -6.554325150652521188e+03 9.345790691133659038e+02 -2.909178024919578434e+02 9.475572668305062507e+00 -2.049934890021462408e+01 -3.494458621115910102e+00 -1.972761864339024340e+00 -4.683927983628176084e-01 -1.829969700782630715e-01 -1.145753552681932769e-01 -1.212395746115688400e-01 -1.156565067481563208e-01 -9.351958383173086808e-02 -6.569597461473519751e-02 -4.262280736693741662e-02 -2.815125119967093470e-02 -2.099916942799012060e-02 -1.787446116595010903e-02 -1.593397800694549768e-02 -1.378056760561050323e-02 -1.128491334266122290e-02 -8.902404136721468395e-03 -7.050796032221067627e-03 -5.863633100517479796e-03 -5.072606871356661641e-03 -4.942794724808410693e-03 -3.373884380081717572e-03 -3.127453937563860406e-03
-1.245633275800204842e+02 7.380964641575261567e+02 -5.511148751147444273e+03 2.539574623351592163e+04 -6.411937859039346222e+03 9.225007196784682719e+02 -2.760964072830821578e+02 1.154429671456719042e+01 -1.870167571343148438e+01 -2.991042244313594889e+00 -1.776302608612186029e+00 -4.149761458085604593e-01 -1.574206954767117250e-01 -9.213967442285693477e-02 -9.950652402447549005e-02 -9.826925980281792095e-02 -8.199761231448474130e-02 -5.896300090076844747e-02 -3.855720316989314639e-02 -2.504775591943717017e-02 -1.811618220227628404e-02 -1.522172577844844131e-02 -1.377590731368458915e-02 -1.225606255501085658e-02 -1.029271032462867816e-02 -8.222576183028001279e-03 -6.409108257517552587e-03 -5.495275257442062446e-03 -3.973563478167602137e-03 -3.221051863822500458e-03 -3.358156344027163256e-03
1.351913240110035375e+01 -1.759341131360870349e+02 7.833212523078275353e+02 -5.633743281968934753e+03 2.542513306382751398e+04 -6.328435456493364654e+03 9.135808231669129782e+02 -2.674492526966632795e+02 1.254032623834930860e+01 -1.765410685746619279e+01 -2.682749275421503210e+00 -1.635980635017170837e+00 -3.677648012330630989e-01 -1.367009632815366915e-01 -7.989249690477065458e-02 -8.950586748307731710e-02 -8.962211189405566714e-02 -7.480440949963249042e-02 -5.331961217916623280e-02 -3.436612381776977393e-02 -2.207941178154472495e-02 -1.607235519508262364e-02 -1.379011038630202982e-02 -1.268230749952109146e-02 -1.133095106421781045e-02 -9.403201836535878683e-03 -7.664173107882062477e-03 -5.299524928023257968e-03 -4.065178216047449916e-03 -3.256955784648543802e-03 -3.491575543481941976e-03
-5.293570340433810806e+00 1.528788452322984348e+01 -1.898170320780916427e+02 8.044208555311461168e+02 -5.707262032945576721e+03 2.543941733247977390e+04 -6.273788841184719786e+03 9.070017289963371923e+02 -2.617067703785555750e+02 1.315450895924360175e+01 -1.693700662385545996e+01 -2.467025777321087965e+00 -1.537659474675526328e+00 -3.378827470717138404e-01 -1.261695494364225845e-01 -7.386077654716544094e-02 -8.295597181349657900e-02 -8.262887210898887946e-02 -6.854930544220588784e-02 -4.863924898232854788e-02 -3.135909197539155785e-02 -2.031214194508137658e-02 -1.495020689984425354e-02 -1.287130005442873280e-02 -1.171967271942023735e-02 -1.059602815721369037e-02 -8.185883543848578719e-03 -6.201792204167395905e-03 -4.675145363302240197e-03 -3.508381828268496844e-03 -3.655875872163146661e-03
-6.058232567835847987e-02 -8.253063712413512221e+00 1.619059182742766012e+01 -1.977972466003278953e+02 8.169170586891834773e+02 -5.756714659904783730e+03 2.544745338306524718e+04 -6.235175945936250173e+03 9.020575119292614090e+02 -2.575760204266408095e+02 1.357550443292103992e+01 -1.641935330289099326e+01 -2.315563723609813884e+00 -1.470053995522537127e+00 -3.185655533171414810e-01 -1.189663306171878931e-01 -6.869833649085976823e-02 -7.715402036034051114e-02 -7.692143088846625787e-02 -6.394834758510355155e-02 -4.551889051945477022e-02 -2.945279456170423263e-02 -1.910708211359963410e-02 -1.396288769045676489e-02 -1.213048174265351879e-02 -1.048637332092342174e-02 -9.102611954996451746e-03 -7.411376937509362578e-03 -5.688513808014790570e-03 -4.149520643766428478e-03 -4.015498398713638652e-03
-3.033455506082415321e-01 -4.007626667075725457e-01 -9.111616950972175388e+00 1.638672006013059246e+01 -2.032142672498839886e+02 8.252174578139369032e+02 -5.792241326621955523e+03 2.545246023262022572e+04 -6.206409311031326069e+03 8.982227118621151476e+02 -2.544623130293503550e+02 1.387418730415136103e+01 -1.603195194088560527e+01 -2.204199528112701145e+00 -1.419282454120140535e+00 -3.033121250606146679e-01 -1.126575262739140382e-01 -6.433162006032611124e-02 -7.279699138057529884e-02 -7.290678368345879234e-02 -6.074163981508876736e-02 -4.323759049655256231e-02 -2.785947047752478437e-02 -1.813738802447380921e-02 -1.274095634310749674e-02 -1.070347296268870686e-02 -9.672474959187441629e-03 -8.455313994962288665e-03 -6.925574374296049329e-03 -5.173523842144043053e-03 -4.762453984036674887e-03
-2.707332926765963071e-02 -5.023761519512833784e-01 -5.124011394745282555e-01 -9.737854815542739573e+00 1.640255273453118789e+01 -2.071394796303749786e+02 8.311844702710918682e+02 -5.818986790717866825e+03 2.545579778150714264e+04 -6.184150173236596856e+03 8.951583070948178147e+02 -2.520329773147815615e+02 1.409569411278518203e+01 -1.572923043321845959e+01 -2.117007204294730993e+00 -1.378678513191543997e+00 -2.909894787617549605e-01 -1.078177230669980224e-01 -6.127472457545404122e-02 -6.969879318587236805e-02 -6.986907777180895174e-02 -5.810408892098847117e-02 -4.140233393472974449e-02 -2.618071425297558569e-02 -1.658836524963185760e-02 -1.190751637400087361e-02 -1.005330978173439409e-02 -9.098789243073704749e-03 -8.019219475394124413e-03 -6.388240143875034173e-03 -5.962041052437342184e-03
-1.036637955340809561e-02 -6.065218001475717463e-02 -5.898012866942564658e-01 -6.341378201907857948e-01 -1.019768814934312040e+01 1.638215272252294952e+01 -2.101037511584654283e+02 8.356906309811937490e+02 -5.839857257809866496e+03 2.545812939393026682e+04 -6.166416802030200415e+03 8.926546350338294360e+02 -2.500819724637273112e+02 1.426783326442561517e+01 -1.548495730295376305e+01 -2.046859184512257013e+00 -1.346038344404404397e+00 -2.814312109641266546e-01 -1.042562579987194593e-01 -5.896589692866618937e-02 -6.712704887761743178e-02 -6.739938618600092857e-02 -5.559059774054970343e-02 -3.919640669189614762e-02 -2.495164896963717599e-02 -1.578512359679900071e-02 -1.131062585828422791e-02 -9.557224064795220853e-03 -8.717438831939422830e-03 -7.454461759804138776e-03 -7.452744790832344784e-03
-1.834289255163365278e-03 -2.735724443605843173e-02 -8.877705692000664728e-02 -6.577334531246742388e-01 -7.231074153868496390e-01 -1.053909776575088131e+01 1.635326261365116096e+01 -2.124287748933520561e+02 8.392107318463820320e+02 -5.856602337616788645e+03 2.545982201563672061e+04 -6.151953940392093500e+03 8.905732268402814498e+02 -2.484790871414793401e+02 1.440528627721493393e+01 -1.528411781353511145e+01 -1.989731468944838433e+00 -1.319449714106984306e+00 -2.737205938683806017e-01 -1.012809430295423668e-01 -5.707875000146369476e-02 -6.467463710560111823e-02 -6.470276051113654781e-02 -5.364398106916052483e-02 -3.780110725098186769e-02 -2.401026623141967742e-02 -1.516203139119713834e-02 -1.084187187848741768e-02 -9.233118993485845902e-03 -8.128691765890023666e-03 -8.873642878385814767e-03
-4.878999813655259671e-03 -1.552138765450841035e-02 -4.143659846449164463e-02 -1.054975126045878536e-01 -7.008740685585056474e-01 -7.884167495118010738e-01 -1.080695151239909002e+01 1.631771672733663081e+01 -2.143059541297767225e+02 8.420369839905495155e+02 -5.870334925588006627e+03 2.546109105035167886e+04 -6.139931847293723877e+03 8.888159216836628502e+02 -2.471389049073817148e+02 1.451696868612650881e+01 -1.511620942339713736e+01 -1.942200237691505516e+00 -1.297101646709604150e+00 -2.672807870156150289e-01 -9.849381670361211094e-02 -5.490206373036592147e-02 -6.275430993800075463e-02 -6.284906347397936632e-02 -5.208269116512476843e-02 -3.666574389146556867e-02 -2.325415526520172027e-02 -1.464890366234722525e-02 -1.054414806752834721e-02 -8.624935734732622206e-03 -9.901750530820700724e-03
-5.868517357929503055e-03 -1.869281851560467347e-02 -2.227575476413861180e-02 -4.578354541407691353e-02 -1.131359422038865081e-01 -7.328652225099587803e-01 -8.427567842630453443e-01 -1.102610664094076576e+01 1.628025327353675777e+01 -2.158530479734580751e+02 8.443579618546585834e+02 -5.881800640910229959e+03 2.546206705409353162e+04 -6.129780915680093131e+03 8.873122078477269952e+02 -2.460016919125583570e+02 1.460951830763032078e+01 -1.497344454107157041e+01 -1.901937709330761228e+00 -1.277799652944071385e+00 -2.612522453353162688e-01 -9.626445827452681514e-02 -5.345196328766194105e-02 -6.120024776258909532e-02 -6.131124987104140389e-02 -5.078399445258704320e-02 -3.572092087732835208e-02 -2.261428209036716805e-02 -1.431445453067975090e-02 -9.906292022417436532e-03 -1.066499601366772097e-02
-5.056742044684326039e-03 -1.716660576650977377e-02 -2.275188052211069706e-02 -2.330886451289870473e-02 -4.715676941245023485e-02 -1.197565199961668908e-01 -7.602104246260754650e-01 -8.892118804522926023e-01 -1.120803795785265855e+01 1.624465745387988491e+01 -2.171498455782239603e+02 8.462982874210101727e+02 -5.891518751887146209e+03 2.546283342010554406e+04 -6.121095827982809169e+03 8.860111052608638147e+02 -2.450241938538214299e+02 1.468749821584175308e+01 -1.485030431332449297e+01 -1.866853978621489940e+00 -1.261294787042968046e+00 -2.564436530057454533e-01 -9.442914638703728269e-02 -5.225270473269889859e-02 -5.989915736976476196e-02 -6.000706219348487386e-02 -4.968327431371031416e-02 -3.490561670689584783e-02 -2.217033086204545436e-02 -1.360521177494716273e-02 -1.213271371467449823e-02
-3.383148587089186612e-03 -1.278795134240402406e-02 -2.000931816794027443e-02 -2.428666330966334705e-02 -2.420406749052299300e-02 -4.936054847026727366e-02 -1.261033208247233361e-01 -7.830942745855831166e-01 -9.282577957334324781e-01 -1.136099344633509745e+01 1.621148254347892959e+01 -2.182532275644358037e+02 8.479442359202929538e+02 -5.899860886431039944e+03 2.546344625603697568e+04 -6.113580105263956284e+03 8.848744019552592590e+02 -2.441746563816718094e+02 1.475456966648501123e+01 -1.474329947771143701e+01 -1.836760995076546443e+00 -1.246996262765031060e+00 -2.523079051109154980e-01 -9.287371687309126100e-02 -5.123789506596657800e-02 -5.878610227703384011e-02 -5.888882733735246316e-02 -4.872065954746856997e-02 -3.431512184090398238e-02 -2.130509387933727031e-02 -1.613957820694091050e-02
-1.880660017695665823e-03 -7.989225759078772901e-03 -1.505427791818969921e-02 -2.223841836399963537e-02 -2.619756257599991159e-02 -2.564276192767274420e-02 -5.131386964465016465e-02 -1.311165464935941938e-01 -8.020019292836075842e-01 -9.615780765660264517e-01 -1.149184599852188526e+01 1.618046706412553348e+01 -2.192037931502880213e+02 8.493582329170639014e+02 -5.907099872505501480e+03 2.546394408247552929e+04 -6.107012193142834803e+03 8.838733066705335659e+02 -2.434297331907007731e+02 1.481215276203885090e+01 -1.464941715209492656e+01 -1.810436539494441499e+00 -1.234465129060826172e+00 -2.487039409763256437e-01 -9.153127557143728166e-02 -5.036506236522234753e-02 -5.782776776850941103e-02 -5.789910722165340917e-02 -4.803081803645110198e-02 -3.317098864774960243e-02 -2.469150031394367825e-02
-9.511711508717669069e-04 -4.493023800180550795e-03 -9.869482778466087333e-03 -1.736226518343594871e-02 -2.446302749664298892e-02 -2.783951158185445432e-02 -2.652320104376182028e-02 -5.255894194429017868e-02 -1.351872711351671807e-01 -8.182503318405670578e-01 -9.907194283220314146e-01 -1.160526616361769925e+01 1.615174992871267534e+01 -2.200311473863534388e+02 8.505862005929172938e+02 -5.913440846551309733e+03 2.546435443586732799e+04 -6.101223664012130939e+03 8.829842630303187434e+02 -2.427711547227401070e+02 1.486232165882489120e+01 -1.456635061203084014e+01 -1.787202949715334555e+00 -1.223382048153320412e+00 -2.455318285494237085e-01 -9.035848771056521900e-02 -4.961629712342970761e-02 -5.696629558186099007e-02 -5.725900880373517576e-02 -4.647758560428868341e-02 -3.844967046407846839e-02
-5.501171581239617647e-04 -2.601103926555335503e-03 -6.015971620142949311e-03 -1.171902744194432307e-02 -1.919515328686032321e-02 -2.597885390820615231e-02 -2.882517633240253702e-02 -2.705512406132372372e-02 -5.365048759063642536e-02 -1.388886115111740982e-01 -8.325227227483540382e-01 -1.016360616585182841e+00 -1.170437112006569969e+01 1.612529833986159389e+01 -2.207576798615508267e+02 8.516630349611242536e+02 -5.919041472488438558e+03 2.546469608560605775e+04 -6.096083501172188335e+03 8.821896891273759138e+02 -2.421846779374607195e+02 1.490641903517931866e+01 -1.449231617052840804e+01 -1.766540287283065114e+00 -1.213506366221000832e+00 -2.427166336665294022e-01 -8.934173921321075795e-02 -4.892521438216836105e-02 -5.656559294136532384e-02 -5.521913391262532611e-02 -5.490350661204978361e-02
-4.495202849663681760e-04 -1.845341170527470525e-03 -3.765554166292922958e-03 -7.234867824793969962e-03 -1.289664333157181791e-02 -2.033589334898499787e-02 -2.702742731625206590e-02 -2.966422715655390660e-02 -2.766069217972228975e-02 -5.475582845011179450e-02 -1.422080570128188282e-01 -8.450001126227006942e-01 -1.039039588429630401e+00 -1.179156247626927723e+01 1.610133239467260680e+01 -2.214010616720400719e+02 8.526144429853328575e+02 -5.924024277937605802e+03 2.546498373612194700e+04 -6.091488500624821427e+03 8.814753083501353785e+02 -2.416590452392927091e+02 1.494547990371506607e+01 -1.442590813348200918e+01 -1.748042471493663319e+00 -1.204649062724489017e+00 -2.402254856644628900e-01 -8.838956734376232638e-02 -4.883121382719275011e-02 -5.407643039704055493e-02 -6.752594946754163219e-02
-4.388709976648207697e-04 -1.601677893528829187e-03 -2.683156337972093363e-03 -4.466744906525774508e-03 -7.872403383993024917e-03 -1.364663536774714074e-02 -2.126963295005166593e-02 -2.803611176146317621e-02 -3.052105336499151556e-02 -2.825672125245739033e-02 -5.569692828070581941e-02 -1.451475431517442460e-01 -8.558491424259695446e-01 -1.058874276564119254e+00 -1.186911677558066280e+01 1.607897410394987503e+01 -2.219748115062374438e+02 8.534613322688777544e+02 -5.928486156892350664e+03 2.546522820597299869e+04 -6.087356272910903499e+03 8.808295760509324737e+02 -2.411852354094171176e+02 1.498031625651514176e+01 -1.436600219021039315e+01 -1.731384451525406210e+00 -1.196689550788574863e+00 -2.379216827811181934e-01 -8.818006156145752339e-02 -4.605808757732332559e-02 -6.948125507909924670e-02
-4.060713584233945701e-04 -1.442240902153559337e-03 -2.184674561941651796e-03 -3.088676161578789246e-03 -4.816560257979394036e-03 -8.356370419710356864e-03 -1.436183333283005091e-02 -2.217522897068314319e-02 -2.896181995630404959e-02 -3.123701934372506012e-02 -2.878628240657261569e-02 -5.636117247694134164e-02 -1.474231199142497228e-01 -8.655911048176450073e-01 -1.076900860808621019e+00 -1.193854177333479427e+01 1.605830707200586716e+01 -2.224896593852180331e+02 8.542200460730239229e+02 -5.932504752967305649e+03 2.546543773035239064e+04 -6.083620241969524614e+03 8.802430585748762724e+02 -2.407559308925767141e+02 1.501157282859525921e+01 -1.431168370502551923e+01 -1.716334463056681248e+00 -1.189401268475419604e+00 -2.365058933674936414e-01 -8.512545113983226164e-02 -6.207040232379617412e-02
-3.304053548678661362e-04 -1.207379457878162646e-03 -1.858511743430290609e-03 -2.484064430044987705e-03 -3.356232110547302874e-03 -5.166164825813788879e-03 -8.849094062739287780e-03 -1.501433438176093087e-02 -2.292404780030495720e-02 -2.977097898083524291e-02 -3.170674235102460131e-02 -2.893565431437079838e-02 -5.702719341750989157e-02 -1.496933228697938656e-01 -8.743747167920123964e-01 -1.093182815556835941e+00 -1.200104186578236032e+01 1.603918063744474409e+01 -2.229542429225170963e+02 8.549036837815099261e+02 -5.936143010661994595e+03 2.546561866918088708e+04 -6.080226021537696397e+03 8.797079729540262178e+02 -2.403651339296818321e+02 1.503977240090080159e+01 -1.426223037212422362e+01 -1.702576179831776226e+00 -1.183362891289914565e+00 -2.325753712194765510e-01 -9.919348964490380671e-02
-2.381857040777852477e-04 -9.184965579463099045e-04 -1.532307255508652761e-03 -2.148613332158773315e-03 -2.760343200730449361e-03 -3.646000231066938956e-03 -5.491042678871034706e-03 -9.233178767992034422e-03 -1.557521712361284970e-02 -2.342544885805843483e-02 -3.018220711464767933e-02 -3.218816826610024218e-02 -2.928253131604447584e-02 -5.767210449465357686e-02 -1.517686214267440215e-01 -8.823203677870744555e-01 -1.107955432008812746e+00 -1.205760192659728958e+01 1.602145043327696783e+01 -2.233755906118151415e+02 8.555228697523934898e+02 -5.939452494776318417e+03 2.546577599753989853e+04 -6.077128746680318727e+03 8.792178385698196053e+02 -2.400078801687792520e+02 1.506529243012497155e+01 -1.421690783441069605e+01 -1.690946416060890023e+00 -1.174016196278189650e+00 -2.544643036640495404e-01
-1.608701449906845752e-04 -6.550897094007744267e-04 -1.197729371548044959e-03 -1.826786581952258249e-03 -2.431461786874980317e-03 -3.014007719122079997e-03 -3.853085116778414213e-03 -5.761414167749038043e-03 -9.419039632423553340e-03 -1.578121863681432660e-02 -2.392273644700079749e-02 -3.074216481510406995e-02 -3.266070804481262246e-02 -2.962089647379394231e-02 -5.827825837573367279e-02 -1.536665879245817934e-01 -8.895372097693100555e-01 -1.121416739068248791e+00 -1.210903159316384503e+01 1.600498344919055072e+01 -2.237594780733753623e+02 8.560863123114810378e+02 -5.942475851171540853e+03 2.546591365158724511e+04 -6.074291085193437539e+03 8.787672136221176515e+02 -2.396801482412713540e+02 1.508871868167098285e+01 -1.417767471445504057e+01 -1.670976751966260609e+00 -1.229010964740978151e+00
-1.134094261168484830e-04 -4.712415903955774889e-04 -9.046955127007583241e-04 -1.468608161922884542e-03 -2.081508455085790809e-03 -2.632655880439069979e-03 -3.219831000786357346e-03 -3.892023375683944554e-03 -5.728170645969461391e-03 -9.625847001350069237e-03 -1.613826092337011103e-02 -2.440203550135029015e-02 -3.126663217721795812e-02 -3.310742192832721170e-02 -2.994309798424210287e-02 -5.884241807063843310e-02 -1.554066206292760710e-01 -8.961204099136610424e-01 -1.133733916057274804e+00 -1.215600159254267076e+01 1.598965807960348329e+01 -2.241106962348318064e+02 8.566012148328969715e+02 -5.945248662395138126e+03 2.546603473468765151e+04 -6.071681759085670819e+03 8.783508840318874036e+02 -2.393775334808137529e+02 1.509869766989803530e+01 -1.409839759405972970e+01 -1.953451642112359110e+00
-9.244859791163439469e-05 -3.709041721145045316e-04 -6.888025167057131243e-04 -1.126675898137292128e-03 -1.656629714021511145e-03 -2.286016717730004425e-03 -2.674862236691882746e-03 -3.148153564765001147e-03 -3.960236762777635117e-03 -5.854417651055165289e-03 -9.839071890832377931e-03 -1.647532508168633725e-02 -2.485018270771468737e-02 -3.175331458768331644e-02 -3.352419800823711049e-02 -3.024693094531564347e-02 -5.936670203922639333e-02 -1.570067948479027808e-01 -9.021501121943173995e-01 -1.145046935635891439e+00 -1.219906937730068641e+01 1.597536745556642579e+01 -2.244332526617271526e+02 8.570735843375107379e+02 -5.947800900581950373e+03 2.546614177161346015e+04 -6.069275177331727718e+03 8.779672606412075311e+02 -2.391164977134864671e+02 1.518330854943193842e+01 -1.452834116339373338e+01
-8.537921875016061472e-05 -3.233735804700605906e-04 -5.529425300974144834e-04 -8.449194499957497209e-04 -1.300116673347277924e-03 -1.696982058431600578e-03 -2.231809837011232856e-03 -2.738009572402131352e-03 -3.223991015132190909e-03 -4.045819299161165436e-03 -5.981996453568695464e-03 -1.004547588823153335e-02 -1.679111970472131968e-02 -2.526731593969352638e-02 -3.220656163195512178e-02 -3.391588581133191116e-02 -3.053888665686176410e-02 -5.986509387579234259e-02 -1.584991608724949375e-01 -9.077142283359203034e-01 -1.155495811861068978e+00 -1.223872325856028631e+01 1.596197721830713334e+01 -2.247306228287915530e+02 8.575079203037872730e+02 -5.950158611425321396e+03 2.546622934809127037e+04 -6.067039070754824934e+03 8.774761677806128546e+02 -2.383727200798744263e+02 1.173009900075946099e+01
-7.988356102397057364e-05 -2.947349251094883642e-04 -4.610918027251859714e-04 -7.012085257010574864e-04 -8.664870498115336819e-04 -1.237830132064999004e-03 -1.748794661592325541e-03 -2.304576233043137759e-03 -2.812599917467916572e-03 -3.300755026714172376e-03 -4.131083150367642620e-03 -6.101499382839973076e-03 -1.023529923996755429e-02 -1.707952303462709209e-02 -2.564776534275241271e-02 -3.261919898891364050e-02 -3.426942504728451577e-02 -3.079493017876947653e-02 -6.030115624605810604e-02 -1.598408602082765084e-01 -9.128007703464050548e-01 -1.165110198810803910e+00 -1.227527839443626689e+01 1.594957214244050725e+01 -2.250049847406952210e+02 8.579103660486117633e+02 -5.952335530525389913e+03 2.546630810646431564e+04 -6.064861936498249634e+03 8.767507436832701160e+02 -2.353185095903216393e+02
-7.158224953952079471e-05 -2.555866522015500116e-04 -4.357506853713422469e-04 -4.898717574899188933e-04 -6.416678486406432805e-04 -9.001096976080699003e-04 -1.294104040459194502e-03 -1.818975973182253552e-03 -2.389369846761560737e-03 -2.904902721988251307e-03 -3.399447315929702423e-03 -4.244749895276377256e-03 -6.252829245838490736e-03 -1.045715642053421206e-02 -1.740171044178249332e-02 -2.607786532651217709e-02 -3.312866113219043590e-02 -3.480882770433774837e-02 -3.135429128018071832e-02 -6.112437521605060958e-02 -1.615401959522793640e-01 -9.179328786718343736e-01 -1.174736532094298180e+00 -1.231093424506518375e+01 1.592834948621040603e+01 -2.252738245620666362e+02 8.581582249840447503e+02 -5.954237834936363470e+03 2.546420920134392145e+04 -6.055067741694361757e+03 8.201397597341211849e+02
-5.489716900392941501e-05 -2.359686442577066466e-04 -2.877665363718424582e-04 -3.837404457817644569e-04 -4.976404217746312111e-04 -6.543278164060054199e-04 -9.132754831068207830e-04 -1.313444790192049580e-03 -1.839208388222834901e-03 -2.401146463744612426e-03 -2.896343422410057461e-03 -3.365345397261584361e-03 -4.194446490757550161e-03 -6.209160605713416083e-03 -1.043847763925000866e-02 -1.738774948240418700e-02 -2.597593192116851718e-02 -3.277366470214607141e-02 -3.404066507264244534e-02 -3.018483723530806379e-02 -5.999418244401097389e-02 -1.612980729146339665e-01 -9.199018530568749963e-01 -1.176879212849816669e+00 -1.230925936663562048e+01 1.596607866170436019e+01 -2.250771054424671433e+02 8.580658258868219264e+02 -5.948540899916743001e+03 2.543683494931015230e+04 -5.856925711003823380e+03
-6.002087977653035891e-05 -1.497108276308570783e-04 -2.552081303316221087e-04 -3.846248679096281407e-04 -5.141196857014310216e-04 -6.575177826385812619e-04 -8.526945977015611827e-04 -1.165915988836637579e-03 -1.653889035671868421e-03 -2.311605293467562747e-03 -3.044061652507405562e-03 -3.722058576709105695e-03 -4.356856564533277860e-03 -5.347219563301999073e-03 -7.630758969019870927e-03 -1.247679168231321557e-02 -2.069667316307138849e-02 -3.137957005956262119e-02 -4.082665595120288371e-02 -4.436136477795763616e-02 -4.128645073613701477e-02 -7.047719912647740226e-02 -1.796506680732321282e-01 -9.680049859683504954e-01 -1.421395545487377898e+00 -1.268669974712827830e+01 1.285818225414452165e+01 -2.221685628521630349e+02 8.042133430898609276e+02 -5.754314985589773642e+03 2.403465059693041985e+04
