2.165081708672068999e+04 -7.392000963642253737e+03 9.170155545753661954e+02 -3.888401332387696812e+02 -1.396148752615234834e+01 -3.543478275635629871e+01 -8.853123392215641374e+00 -4.020711459147570999e+00 -9.629029869778732431e-01 -2.112212509842707753e-01 -7.534977701967185415e-02 -1.342247067072533384e-01 -1.747819718634842368e-01 -1.629566456201493041e-01 -1.189606784316719762e-01 -7.193334089027322853e-02 -3.905451638839714523e-02 -2.341782164783615811e-02 -1.953336976389626403e-02 -1.995561313557768501e-02 -1.958639789783012813e-02 -1.686168870757076901e-02 -1.272417737036316693e-02 -8.860408724721768881e-03 -6.367829878323156591e-03 -5.326518748040183319e-03 -5.114717597157213830e-03 -4.997128174466258267e-03 -4.558906946447648274e-03 -3.804570733941229580e-03 -2.987809306262215366e-03 -2.363185691138757621e-03 -2.026562581750003620e-03 -1.903646138455572902e-03 -1.843237976755208573e-03 -1.726581785604526780e-03 -1.524129353228456619e-03 -1.283100467931449357e-03 -1.074049976335800065e-03 -9.396927770739666981e-04 -8.752039058995919564e-04 -8.425778336600504501e-04 -8.012192840775257587e-04 -7.323410553979513770e-04 -6.441640475463380902e-04 -5.595708804360206498e-04 -4.978542194564957758e-04 -4.630141841246286118e-04 -4.442818698718551404e-04 -4.258048163179067760e-04 -3.974580844331439635e-04 -3.597554983136712109e-04 -3.210031442717254692e-04 -2.901203511713541967e-04 -2.705987145544866391e-04 -2.592259633383770857e-04 -2.493575316720059187e-04 -2.359919187873439877e-04 -2.176182532953960670e-04 -2.015097848889130033e-04 -1.734764969451196750e-04 -2.293443720193186490e-04
-4.020304268729018077e+03 2.496816937323912862e+04 -6.826497641965499497e+03 9.476757087984319696e+02 -3.206910958326215564e+02 3.839829146289013728e+00 -2.455412567948095770e+01 -4.745777035641004282e+00 -2.399838963410171555e+00 -5.330646516729738993e-01 -1.769047265070515518e-01 -1.195077994990822873e-01 -1.474247963721093124e-01 -1.483588629119027003e-01 -1.195836832995598731e-01 -8.046629017678583184e-02 -4.828684799603299299e-02 -2.941367500989234413e-02 -2.168326627308528667e-02 -1.960202411522576557e-02 -1.850047338113314926e-02 -1.624583553424019736e-02 -1.291760686075183254e-02 -9.568763715479268808e-03 -7.098192763100673493e-03 -5.742072262854792594e-03 -5.165505893248475110e-03 -4.845093203132523792e-03 -4.413012427575106408e-03 -3.787140619547924719e-03 -3.096009562197709220e-03 -2.514920861276734310e-03 -2.136291898926790875e-03 -1.934979620859652184e-03 -1.815408663278073433e-03 -1.686046375859940683e-03 -1.509025298575365813e-03 -1.303479224797050515e-03 -1.114511087420639408e-03 -9.761113499382335478e-04 -8.916540207729252345e-04 -8.386540654326694660e-04 -7.882536104861103841e-04 -7.236999446659376622e-04 -6.468220421677093419e-04 -5.715352411188146615e-04 -5.115488826934502494e-04 -4.712514875596285260e-04 -4.446573010074242219e-04 -4.211871999575353431e-04 -3.930908779540745316e-04 -3.594632914972972445e-04 -3.250708704983634994e-04 -2.958574032478085815e-04 -2.746965229608131095e-04 -2.600133411370504307e-04 -2.476677461978017084e-04 -2.336614250936823391e-04 -2.183520848930997377e-04 -1.984562617133158802e-04 -1.954737313646477887e-04 -1.896948574699420457e-04
5.770022846885924537e+02 -5.248863258781067088e+03 2.531980046498406955e+04 -6.554263753136309788e+03 9.345821970103645526e+02 -2.909064119209556338e+02 9.484145980990684066e+00 -2.049211006836445037e+01 -3.488747887895295552e+00 -1.968376689814876901e+00 -4.650445785970030999e-01 -1.803993121062416327e-01 -1.124936099212441171e-01 -1.195098219286442609e-01 -1.141759139129053524e-01 -9.222844735124909044e-02 -6.455892059574189212e-02 -4.161609196023530882e-02 -2.725577128361839074e-02 -2.019771649226182256e-02 -1.715159208877121977e-02 -1.527667793781190345e-02 -1.317866005948971353e-02 -1.073096683693591270e-02 -8.389680266151236521e-03 -6.577345533364448160e-03 -5.403885442356885262e-03 -4.702706860604591137e-03 -4.214209349112162800e-03 -3.749305841257595789e-03 -3.250261381500833043e-03 -2.757135787605892365e-03 -2.335507112703847678e-03 -2.020181706998079238e-03 -1.799537860291025191e-03 -1.633639282913294886e-03 -1.483372293061878747e-03 -1.329978675274243963e-03 -1.176878060986980348e-03 -1.038363714411258279e-03 -9.257636252416911234e-04 -8.398517894193887647e-04 -7.721161450681821763e-04 -7.115430660598307021e-04 -6.512464650559391440e-04 -5.909048750579354607e-04 -5.345797975928855963e-04 -4.864493105212403575e-04 -4.476424263158203134e-04 -4.158765685044059053e-04 -3.874172043823064155e-04 -3.595317644550543906e-04 -3.317423170063544310e-04 -3.053692394948513559e-04 -2.820438535516926466e-04 -2.624986610812951268e-04 -2.458137354677128808e-04 -2.319587224491763736e-04 -2.145771086711673362e-04 -2.142602994732181678e-04 -1.812735649254465617e-04 -1.406275337612438293e-04
-1.245613115297141889e+02 7.380955953336407447e+02 -5.511098746386157472e+03 2.539553569414612139e+04 -6.411877867760445042e+03 9.225033029119634875e+02 -2.760859906360810214e+02 1.155197325750432924e+01 -1.869520280677708257e+01 -2.985925624557924429e+00 -1.772352760231342916e+00 -4.119409670611491880e-01 -1.550523368448562811e-01 -9.023415788867003573e-02 -9.791971965379103748e-02 -9.690893790975228794e-02 -8.080872158766318203e-02 -5.791220932734403998e-02 -3.762256142363694378e-02 -2.421262490924847369e-02 -1.736623910252600711e-02 -1.454399943692036463e-02 -1.315895645502590701e-02 -1.168942654296853227e-02 -9.771259314221410197e-03 -7.723692953426580625e-03 -5.992744920863105756e-03 -4.808422660593621167e-03 -4.119541550212291528e-03 -3.712778886960681896e-03 -3.374459528198368950e-03 -2.992468468908188618e-03 -2.567921104138336762e-03 -2.163794785261307068e-03 -1.840435082788953501e-03 -1.616644453110895139e-03 -1.468242696311560305e-03 -1.352177319149789909e-03 -1.234404745855309082e-03 -1.104602064326005344e-03 -9.732444787592472611e-04 -8.577953472536862644e-04 -7.689920975114466432e-04 -7.051347723129301357e-04 -6.554974132280248257e-04 -6.083932499379025556e-04 -5.578609288587495479e-04 -5.052944936560902801e-04 -4.562861256862564075e-04 -4.157493011052661885e-04 -3.846890643642669164e-04 -3.601888494871847523e-04 -3.378673055557549019e-04 -3.147005894503004790e-04 -2.904818271745484063e-04 -2.668652063879587799e-04 -2.472007868913054162e-04 -2.281957454138718695e-04 -2.257072102583147050e-04 -2.019658389641661731e-04 -1.384557645937370938e-04 -1.519881064155467938e-04
1.352003749904764796e+01 -1.759294785970613191e+02 7.833211789930620625e+02 -5.633691818900539147e+03 2.542492224016071123e+04 -6.328376591705391547e+03 9.135829160432990648e+02 -2.674394932345900884e+02 1.254744021863478665e+01 -1.764810697372897863e+01 -2.678007880906711602e+00 -1.632318876431764876e+00 -3.649492909016339715e-01 -1.345025159930549608e-01 -7.812201661552074794e-02 -8.802916295156937299e-02 -8.835304683763960110e-02 -7.369190046757065349e-02 -5.233346660895765029e-02 -3.348707536737300511e-02 -2.129285084000820394e-02 -1.536528183485738087e-02 -1.314946540740116049e-02 -1.209907840350276167e-02 -1.078099647020362879e-02 -8.936932837091939030e-03 -6.969076236779747982e-03 -5.357138207775070590e-03 -4.317020259360921167e-03 -3.760226340176067630e-03 -3.442931582077468026e-03 -3.145592469645882086e-03 -2.773498604006139484e-03 -2.353568292884041999e-03 -1.966722325269717585e-03 -1.675681360290282680e-03 -1.489332187616625907e-03 -1.370868748551825255e-03 -1.270556492246265393e-03 -1.156469265169538917e-03 -1.026019494515727822e-03 -8.972040708514368839e-04 -7.904411517473460425e-04 -7.142432584163240774e-04 -6.621502653070863260e-04 -6.197240473812339100e-04 -5.747616490979116184e-04 -5.236933842545609926e-04 -4.711709108841692292e-04 -4.247333850677413114e-04 -3.890019919389399341e-04 -3.631125916966969173e-04 -3.422171744995408682e-04 -3.212721746650723867e-04 -2.978079192022421305e-04 -2.740347469294434658e-04 -2.490965791661265446e-04 -2.402930143448611395e-04 -2.145449181298410323e-04 -1.633303293261064478e-04 -1.447233928387225738e-04 -1.534304022040150473e-04
-5.292825603527067990e+00 1.529053326680148928e+01 -1.898115235817446091e+02 8.044210156109992340e+02 -5.707209944063372859e+03 2.543920621900418337e+04 -6.273730759175622552e+03 9.070035026240511797e+02 -2.616974357372758391e+02 1.316125242661479966e+01 -1.693133014440369877e+01 -2.462551396559457206e+00 -1.534210216503073099e+00 -3.352334489012822605e-01 -1.241009948167676458e-01 -7.219315530751926890e-02 -8.156257733802842191e-02 -8.142922391548856886e-02 -6.749629934060670522e-02 -4.770518185131557981e-02 -3.052603910025849729e-02 -1.956538144752462821e-02 -1.427890981581250544e-02 -1.225032865341083195e-02 -1.118975815688073340e-02 -9.876319008114423786e-03 -8.140803894081219058e-03 -6.361014211233081278e-03 -4.940366500866814024e-03 -4.031219627128644969e-03 -3.528197715114665678e-03 -3.213229734639739404e-03 -2.908185224119255903e-03 -2.547879792308623079e-03 -2.164385335818484572e-03 -1.824511034638331280e-03 -1.572170035687618346e-03 -1.405697069412967367e-03 -1.290340351553327528e-03 -1.186666548457800943e-03 -1.073161272475062038e-03 -9.516383296554202422e-04 -8.374803255093210335e-04 -7.449123509229644332e-04 -6.774287678808260833e-04 -6.276314728604460253e-04 -5.839538020078713669e-04 -5.383026020968116956e-04 -4.896666407720684728e-04 -4.424691450071943167e-04 -4.020008525342467164e-04 -3.704787353374330741e-04 -3.461232650110547602e-04 -3.247347518833532923e-04 -3.038772344699923900e-04 -2.791703023028294420e-04 -2.654868847565015682e-04 -2.351311712551626344e-04 -1.821367625549476319e-04 -1.676640118659570146e-04 -1.419082247354965128e-04 -1.584967970070792526e-04
-6.006816368177714943e-02 -8.251075401818013688e+00 1.619381312678883234e+01 -1.977913535366867848e+02 8.169172439061313753e+02 -5.756662191172681560e+03 2.544724208386463579e+04 -6.235118396360370753e+03 9.020590754760542040e+02 -2.575669841833562259e+02 1.358197861277265872e+01 -1.641391819913728867e+01 -2.311291962341373907e+00 -1.466767154125753647e+00 -3.160432461224874645e-01 -1.169968510036525633e-01 -6.710971793953428299e-02 -7.582599486777523434e-02 -7.577786305225710228e-02 -6.294453748547723659e-02 -4.462755206254340190e-02 -2.865810299500699126e-02 -1.838332901640831948e-02 -1.334439075766252585e-02 -1.135995113692131464e-02 -1.034112008895116987e-02 -9.148481529420585470e-03 -7.588296940526114039e-03 -5.972147555429537999e-03 -4.655829571626112981e-03 -3.787599254621261142e-03 -3.290753405771227377e-03 -2.981668193248210221e-03 -2.700791004471364814e-03 -2.380396184634826426e-03 -2.037827053894992937e-03 -1.726345443083608655e-03 -1.485997857702936421e-03 -1.320957547545093024e-03 -1.206026981766743439e-03 -1.108351086508663338e-03 -1.006874451709455697e-03 -8.991514750858955888e-04 -7.955356350734107355e-04 -7.079074343002619016e-04 -6.410522606927610261e-04 -5.909322632296212189e-04 -5.488722458814565249e-04 -5.075018873711728985e-04 -4.644029511035572297e-04 -4.218381694744307003e-04 -3.838161522964071877e-04 -3.526128814212871180e-04 -3.285794349233332008e-04 -3.058629416935153278e-04 -2.939969690417852189e-04 -2.641992490511926015e-04 -2.109177992896355631e-04 -1.898653571240164475e-04 -1.667652295952843332e-04 -1.437057673415417282e-04 -1.628271858030059746e-04
-3.029981527691757992e-01 -3.994020211359018413e-01 -9.109208696750105361e+00 1.639023681157827639e+01 -2.032081690850203302e+02 8.252176602032986921e+02 -5.792188571419702384e+03 2.545224881749111228e+04 -6.206352148498597671e+03 8.982241211981614697e+02 -2.544535032893006417e+02 1.388045451934699770e+01 -1.602670311307896966e+01 -2.200084008685330605e+00 -1.416120767119797286e+00 -3.008882652943800085e-01 -1.107661992803320866e-01 -6.280690142272263299e-02 -7.152298907667978267e-02 -7.180935511572858476e-02 -5.977892453633943531e-02 -4.237263850891308248e-02 -2.711787238671070285e-02 -1.728137625498581478e-02 -1.247712676920744237e-02 -1.063304586156830524e-02 -9.731318097185467225e-03 -8.651507726397640943e-03 -7.189895405186490229e-03 -5.646964560694058000e-03 -4.379608605828031083e-03 -3.546658206708933232e-03 -3.081950729076525682e-03 -2.805728371235957728e-03 -2.555729654454884456e-03 -2.259616681973931201e-03 -1.932830154755582662e-03 -1.630821948022140788e-03 -1.397980454156328703e-03 -1.241875533054471797e-03 -1.137891697219301857e-03 -1.051300448448837764e-03 -9.586064996760830384e-04 -8.562225594994228280e-04 -7.552827230427891850e-04 -6.695870195145020186e-04 -6.055751136604211509e-04 -5.596139867343109418e-04 -5.221951430763501758e-04 -4.846835884086226828e-04 -4.439605044613162237e-04 -4.023421455910431593e-04 -3.654471858097669049e-04 -3.335986188949796442e-04 -3.180563881325773395e-04 -2.904636464922780333e-04 -2.419616035069964215e-04 -2.209613811797634135e-04 -1.936220934550837160e-04 -1.723461896341877536e-04 -1.474861736459053300e-04 -1.678599143062510372e-04
-2.684332762907188502e-02 -5.014592833304408748e-01 -5.107323195734941867e-01 -9.735193123276069116e+00 1.640625738450247439e+01 -2.071332267273349146e+02 8.311846950666744078e+02 -5.818933813321754315e+03 2.545558628339564893e+04 -6.184093309610847427e+03 8.951595964112198089e+02 -2.520243445774349027e+02 1.410179987100489107e+01 -1.572412694821218793e+01 -2.113014237929305317e+00 -1.375616286499373064e+00 -2.886453568783226009e-01 -1.059908576294002619e-01 -5.980266028897212455e-02 -6.846997324617810909e-02 -6.880171676929136559e-02 -5.719522625269536642e-02 -4.042009833063588825e-02 -2.576946764742619675e-02 -1.637803175815151155e-02 -1.183795556875653562e-02 -1.012229550496866921e-02 -9.277953213038916611e-03 -8.237102011728034828e-03 -6.823573607849353628e-03 -5.341835106268118076e-03 -4.138675561093722345e-03 -3.359952023815233890e-03 -2.931885819021974333e-03 -2.675342895739951220e-03 -2.434822925740362520e-03 -2.146187937019677049e-03 -1.830207934466886828e-03 -1.542991470686970587e-03 -1.325977552279225709e-03 -1.182913791925228582e-03 -1.087045663971814837e-03 -1.004191345547318388e-03 -9.132996383997207942e-04 -8.133661127164822438e-04 -7.167441457349703771e-04 -6.366903312639494083e-04 -5.780793233207550492e-04 -5.358971365213788599e-04 -5.003461462499600963e-04 -4.634085729738305509e-04 -4.238450812443497404e-04 -3.821409873369798578e-04 -3.538251937549587406e-04 -3.178768637198217694e-04 -2.684801589145274022e-04 -2.489093472472502801e-04 -2.243923787556113630e-04 -2.016593063493153832e-04 -1.804577816257125285e-04 -1.543634286992659726e-04 -1.747440214148177876e-04
-1.021301794546754411e-02 -6.003443890517501380e-02 -5.886544547746618283e-01 -6.322620332756615502e-01 -1.019485158971672156e+01 1.638600035414230405e+01 -2.100973787812221190e+02 8.356908739056506192e+02 -5.839804107583334371e+03 2.545791783189537455e+04 -6.166360175464858003e+03 8.926558306702131631e+02 -2.500734792983491559e+02 1.427381105123191141e+01 -1.547997041366581072e+01 -2.042965983506275229e+00 -1.343058189028048410e+00 -2.791529092362047271e-01 -1.024833028333938384e-01 -5.753005848288876567e-02 -6.595419933547955194e-02 -6.622829278240179030e-02 -5.499164465496261117e-02 -3.881439527017754160e-02 -2.472514856596390656e-02 -1.571088666361629069e-02 -1.135218583773595427e-02 -9.693071955086823149e-03 -8.866225235466772964e-03 -7.858930809945549947e-03 -6.507476785759434834e-03 -5.099655731835035094e-03 -3.958962224182953349e-03 -3.218241596275082852e-03 -2.805756639667604437e-03 -2.553975711369141973e-03 -2.319350641069602755e-03 -2.043449673805089115e-03 -1.745403183007342108e-03 -1.475730177381436546e-03 -1.271003864717417829e-03 -1.133748272893199101e-03 -1.039572649155992090e-03 -9.580210299861021241e-04 -8.706038412214986682e-04 -7.764827368752077671e-04 -6.862983788872902566e-04 -6.112600443036029672e-04 -5.553135524538463288e-04 -5.138426580846187312e-04 -4.791061060835599358e-04 -4.418293337587968325e-04 -4.104049196729482119e-04 -3.652677292627264441e-04 -3.058390054541759804e-04 -2.778060882151778548e-04 -2.507644309849400106e-04 -2.297576986062211876e-04 -2.091943185273665413e-04 -1.899659830243272509e-04 -1.635889762680886616e-04 -1.844893364110712836e-04
-1.728172621729471984e-03 -2.693064065692877054e-02 -8.798452310214932570e-02 -6.564228308733680572e-01 -7.210853007934615588e-01 -1.053613020426568347e+01 1.635721843405008258e+01 -2.124223110644527992e+02 8.392109880331073555e+02 -5.856549048422974920e+03 2.545961040503174081e+04 -6.151897504095742079e+03 8.905743487503069673e+02 -2.484707068523341604e+02 1.441115918765056847e+01 -1.527922755986864622e+01 -1.985920984931696331e+00 -1.316538296556733156e+00 -2.714902049043389498e-01 -9.957014698002390751e-02 -5.555352640360861766e-02 -6.379508724247204277e-02 -6.409310159125718165e-02 -5.322186648665848396e-02 -3.755071332262819445e-02 -2.389439806383268985e-02 -1.514812287700413249e-02 -1.091265408365938230e-02 -9.301874042730738992e-03 -8.510351703226688019e-03 -7.552748018180941748e-03 -6.261821554485619626e-03 -4.909306410274688788e-03 -3.807015687935099910e-03 -3.087268727053524807e-03 -2.685970592096212101e-03 -2.444277628554948015e-03 -2.222976286746294449e-03 -1.962668908513362075e-03 -1.678845660855198029e-03 -1.419166429088887819e-03 -1.220004981918642326e-03 -1.085926797658707393e-03 -9.950222272091617786e-04 -9.181038601737973991e-04 -8.362735278681159793e-04 -7.473339719321061766e-04 -6.608371170064083078e-04 -5.877237153773290541e-04 -5.333211596137755507e-04 -4.916713036664117345e-04 -4.643805267338563703e-04 -4.236402602998010037e-04 -3.630292529473143630e-04 -3.257116862654933927e-04 -2.876806602905263672e-04 -2.585808170805110060e-04 -2.355928179832152776e-04 -2.160806404524878417e-04 -1.990168153455734669e-04 -1.736808289910961236e-04 -1.969215674526190671e-04
-4.801382578090205785e-03 -1.521332302490697487e-02 -4.087473419379616252e-02 -1.045775211788382841e-01 -6.994476611597940652e-01 -7.862864918921829149e-01 -1.080388540842166911e+01 1.632175599208301264e+01 -2.142994174496684536e+02 8.420372521808092188e+02 -5.870281520076618108e+03 2.546087940302179777e+04 -6.139875567093938116e+03 8.888169832488666771e+02 -2.471306187202786759e+02 1.452275416399325181e+01 -1.511140044067892241e+01 -1.938452610941506116e+00 -1.294263953762849972e+00 -2.649790814308133347e-01 -9.706525215499268999e-02 -5.390625102740694008e-02 -6.204543771735062524e-02 -6.236759233878825387e-02 -5.176870797366765753e-02 -3.647936675403908729e-02 -2.316179816226467125e-02 -1.464307672626120535e-02 -1.053130387963560448e-02 -8.981591579997692809e-03 -8.227742250768218385e-03 -7.305720578372127891e-03 -6.052760886486312220e-03 -4.736792251520719269e-03 -3.665282841192729364e-03 -2.969071480580737742e-03 -2.585140894161009218e-03 -2.356583162815834801e-03 -2.145742050695462980e-03 -1.894150956961902126e-03 -1.617889745235942577e-03 -1.365085785483765961e-03 -1.172399610563066435e-03 -1.044360180315880102e-03 -9.587408392210933607e-04 -8.860188921431585291e-04 -8.072878293570947845e-04 -7.205737714949712750e-04 -6.365509377756982910e-04 -5.643364110088566407e-04 -5.176480300412359932e-04 -4.728321098584276007e-04 -4.177638790360046627e-04 -3.842433522578457094e-04 -3.438452858913883746e-04 -3.058545655057429711e-04 -2.719592275513114010e-04 -2.448281451513139228e-04 -2.233844311056126894e-04 -2.070901266817258438e-04 -1.830863586157139493e-04 -2.106557591003195985e-04
-5.808544141003213999e-03 -1.845903851906604762e-02 -2.186097990597513432e-02 -4.512257382797431327e-02 -1.121264803192978665e-01 -7.313538847971695622e-01 -8.405447824380580801e-01 -1.102296315972158247e+01 1.628436059468388564e+01 -2.158464499082470809e+02 8.443582419990195831e+02 -5.881747136676193804e+03 2.546185537744194880e+04 -6.129724766720150910e+03 8.873132192072563384e+02 -2.459934852582007636e+02 1.461523616646620560e+01 -1.496871918069476770e+01 -1.898138943851213511e+00 -1.275239436535866133e+00 -2.594559099313376027e-01 -9.500411843813591495e-02 -5.258280452470973088e-02 -6.059825484323493050e-02 -6.089455136795350609e-02 -5.050002065126153045e-02 -3.553666041160032096e-02 -2.252695472212352598e-02 -1.422219381379604894e-02 -1.022376825205374533e-02 -8.720068279428753663e-03 -7.985594000478749357e-03 -7.083988541870743852e-03 -5.861702174131699396e-03 -4.582449982782259811e-03 -3.544808986876689296e-03 -2.873131915465617064e-03 -2.503273757793229078e-03 -2.281644044681202087e-03 -2.075434986615343810e-03 -1.829750192201247752e-03 -1.561619514149787183e-03 -1.317885791095401837e-03 -1.133139928633315014e-03 -1.010525991679589539e-03 -9.278638905573007717e-04 -8.566567588843849307e-04 -7.799449828179215276e-04 -6.944322222232474345e-04 -6.186169420004112695e-04 -5.443139168626134373e-04 -4.718477678543143766e-04 -4.339961274256707875e-04 -3.978788949320949029e-04 -3.635750202939414281e-04 -3.271524289775635283e-04 -2.912224639088085553e-04 -2.594262190528417761e-04 -2.336056228273310610e-04 -2.153973824761308564e-04 -1.913684864651331514e-04 -2.239302125805504992e-04
-5.008616472923193251e-03 -1.698173030294889557e-02 -2.243234790902229672e-02 -2.281591917206235096e-02 -4.642642815468354944e-02 -1.186812546323699619e-01 -7.586340244256637444e-01 -8.869343887977046981e-01 -1.120483030566486171e+01 1.624882247637310684e+01 -2.171431950915677760e+02 8.462985782911894148e+02 -5.891465163651129842e+03 2.546262171964494701e+04 -6.121039790797864043e+03 8.860120801791013037e+02 -2.450160687130577912e+02 1.469325628093515768e+01 -1.484585169129802829e+01 -1.863542263401060550e+00 -1.258905023756210051e+00 -2.547764265622858848e-01 -9.327698649688138943e-02 -5.145066634487938106e-02 -5.933026760709268765e-02 -5.960060640668359000e-02 -4.939731720216110344e-02 -3.473286616393576887e-02 -2.199637573090173354e-02 -1.387103756145724280e-02 -9.958640855084500976e-03 -8.485120606219011263e-03 -7.765381722299432091e-03 -6.886294282826383242e-03 -5.697504093708996228e-03 -4.454142235716216855e-03 -3.445081425130654650e-03 -2.790561112726613197e-03 -2.428757762103263013e-03 -2.211590538566702343e-03 -2.010900391820450578e-03 -1.773307401540925952e-03 -1.514472228739172782e-03 -1.278830077468992273e-03 -1.099467094630513300e-03 -9.795656932402654893e-04 -8.988452423265066299e-04 -8.282574330757833461e-04 -7.590791874463039901e-04 -6.718768107116126044e-04 -5.722965273861368475e-04 -5.054399475693007989e-04 -4.514689475520433475e-04 -4.129785338230421827e-04 -3.804843786188241163e-04 -3.480133468969108176e-04 -3.135532519996279770e-04 -2.794259206086989488e-04 -2.488685744399396970e-04 -2.263831086055914296e-04 -1.997899766962370649e-04 -2.359305360066210047e-04
-3.343775338058492443e-03 -1.263786340357484113e-02 -1.975438866693385309e-02 -2.390405715180390911e-02 -2.365595462067898030e-02 -4.857841122148105761e-02 -1.249766324175179411e-01 -7.814648479580799112e-01 -9.259255889058516376e-01 -1.135773162896023614e+01 1.621569643950085648e+01 -2.182465325372910456e+02 8.479445364977618738e+02 -5.899807225751892474e+03 2.546323454149407189e+04 -6.113524176991831155e+03 8.848754377773038868e+02 -2.441667900201027237e+02 1.475986383647020261e+01 -1.473901900156564437e+01 -1.833583543153520345e+00 -1.244719718104343675e+00 -2.507130707776353828e-01 -9.175997487129661234e-02 -5.045085005349712881e-02 -5.822398529300706199e-02 -5.848520761835090259e-02 -4.845338851824972787e-02 -3.404363999495273879e-02 -2.153428942117790318e-02 -1.355680843136854163e-02 -9.717818222564683292e-03 -8.275205761519157516e-03 -7.574707473640746383e-03 -6.718949829758845936e-03 -5.558571686988147791e-03 -4.342650720682708805e-03 -3.354668854505150986e-03 -2.713716983720779879e-03 -2.360390378415607414e-03 -2.149921534169898368e-03 -1.956149072329575397e-03 -1.725810026978514405e-03 -1.473655489278780182e-03 -1.243192439222913850e-03 -1.067952999813209488e-03 -9.497624059667713128e-04 -8.762559110158826782e-04 -8.035876760034538734e-04 -7.114770490727229547e-04 -6.316574849310780271e-04 -5.503717031786094357e-04 -4.836346059430380803e-04 -4.335598629703409394e-04 -3.969000932697175224e-04 -3.661536122476515866e-04 -3.351933056797586465e-04 -3.022987039610740018e-04 -2.692796675871354556e-04 -2.421693710582074671e-04 -2.107806056581505423e-04 -2.477028710673357553e-04
-1.848206841054596435e-03 -7.865676405228850740e-03 -1.484616335163631978e-02 -2.193129449593691008e-02 -2.576950237485685705e-02 -2.505242636190668087e-02 -5.049043868182115369e-02 -1.299475967657145736e-01 -8.003283311043956072e-01 -9.592000148009273142e-01 -1.148853849150672701e+01 1.618472297561594075e+01 -2.191970597151429558e+02 8.493585475099729365e+02 -5.907046160498469362e+03 2.546373244263893503e+04 -6.106956536393730858e+03 8.838739268640539422e+02 -2.434220321669630778e+02 1.481731356460956839e+01 -1.464525421634933267e+01 -1.807338874222113478e+00 -1.232235038330082411e+00 -2.471316747050439910e-01 -9.043004519864655810e-02 -4.959030246457762914e-02 -5.727257046170614041e-02 -5.751761728799811846e-02 -4.762419351402449180e-02 -3.342962410871896939e-02 -2.111871767875294834e-02 -1.327610555761959271e-02 -9.508030044498381322e-03 -8.096075616016305126e-03 -7.411502433877436083e-03 -6.572344148395533638e-03 -5.433161895847775022e-03 -4.240047972546618152e-03 -3.272057930073922049e-03 -2.645774972727133693e-03 -2.301917927715943241e-03 -2.097486250342522288e-03 -1.908378627216001646e-03 -1.682585249545837450e-03 -1.435751834273480895e-03 -1.209227922426148053e-03 -1.042914545112924238e-03 -9.237263704646568206e-04 -8.283004412669274247e-04 -7.622872437180940475e-04 -6.874218998608576121e-04 -6.079690935405591750e-04 -5.310117765051431326e-04 -4.666692724502619093e-04 -4.186582668969106346e-04 -3.835267002516568719e-04 -3.540652435875220935e-04 -3.244165222245360271e-04 -2.924399013438740732e-04 -2.629240156185103290e-04 -2.264106801961122939e-04 -2.618741232013150830e-04
-9.243138896633532530e-04 -4.390600897549717420e-03 -9.697254791215186021e-03 -1.710996365366651562e-02 -2.411719149679212443e-02 -2.737578395327942143e-02 -2.589881607434578459e-02 -5.170168001712548839e-02 -1.339834416051539356e-01 -8.165399315280970072e-01 -9.883022837712963637e-01 -1.160191950451024745e+01 1.615604724062472997e+01 -2.200243915353454440e+02 8.505866087256259789e+02 -5.913387255289408131e+03 2.546414242078409734e+04 -6.101168188942774577e+03 8.829847744265515530e+02 -2.427635678779449790e+02 1.486740082178882894e+01 -1.456224128150746466e+01 -1.784136868212888860e+00 -1.221173212122411478e+00 -2.439782612716046573e-01 -8.927572002590408728e-02 -4.884568895704589214e-02 -5.643416391036470969e-02 -5.665436349605255939e-02 -4.688081309213099068e-02 -3.288105483177451716e-02 -2.075229267396947602e-02 -1.303292353181610685e-02 -9.326967216585969889e-03 -7.938398840939974929e-03 -7.264119396607765164e-03 -6.438210744145096004e-03 -5.319108894747421462e-03 -4.148833158727618063e-03 -3.200544039963734190e-03 -2.587443078895337780e-03 -2.250618653874069709e-03 -2.049744613992853567e-03 -1.864196720685357567e-03 -1.641812375419668098e-03 -1.404771677734469862e-03 -1.179351464811173198e-03 -9.938407417736201330e-04 -8.819275739066784886e-04 -8.030203331492849527e-04 -7.369999321181515536e-04 -6.660791280003967169e-04 -5.891432596262963532e-04 -5.147090078121458086e-04 -4.524040628458273383e-04 -4.059884376933374419e-04 -3.720811695435762988e-04 -3.437722105791222831e-04 -3.148321791581446157e-04 -2.863686985498375558e-04 -2.467963712525063575e-04 -2.811092881846220890e-04
-5.277478693069112461e-04 -2.515702570555290382e-03 -5.872190887154360613e-03 -1.150872010345580301e-02 -1.890917004661104434e-02 -2.560217401303641754e-02 -2.833269629182094337e-02 -2.640310119438328898e-02 -5.276552142554499780e-02 -1.376554230013747049e-01 -8.307811129388112947e-01 -1.013905182755433732e+00 -1.170100087564292402e+01 1.612970793041444040e+01 -2.207510600607502340e+02 8.516631106661341164e+02 -5.918987934584668437e+03 2.546448398077959064e+04 -6.096028157306749563e+03 8.821901382470887256e+02 -2.421771448012511314e+02 1.491146267155151683e+01 -1.448823566211834368e+01 -1.763501665872723612e+00 -1.211322913921087485e+00 -2.411833527016609136e-01 -8.825325351147543518e-02 -4.818008652563629535e-02 -5.568101281453155527e-02 -5.588122104370761567e-02 -4.621938211710133887e-02 -3.239661432015265158e-02 -2.042987727682435764e-02 -1.281720408684074164e-02 -9.163218901785293025e-03 -7.794095307529458512e-03 -7.130086817282215751e-03 -6.318359555199405501e-03 -5.218997868889693227e-03 -4.069280158161573888e-03 -3.137311869890054353e-03 -2.534290387569438155e-03 -2.203194079017560189e-03 -2.004873075419898090e-03 -1.827343313033926190e-03 -1.605686272317517326e-03 -1.351327227142988703e-03 -1.134753459220913530e-03 -9.667142507278144066e-04 -8.556089788507740884e-04 -7.805005533051844911e-04 -7.165697557504149568e-04 -6.478918268335133804e-04 -5.731133007489244485e-04 -5.006985521340861145e-04 -4.400982580834773188e-04 -3.950033696514347863e-04 -3.622399683206162214e-04 -3.344941311173971177e-04 -3.091038386736672688e-04 -2.696494877269886310e-04 -3.061826054936381963e-04
-4.306951419163638963e-04 -1.773539592062494492e-03 -3.644572040571766001e-03 -7.057910047477178143e-03 -1.265679010427439403e-02 -2.002299664217519620e-02 -2.662603737425852171e-02 -2.914854757970757743e-02 -2.698574103123286411e-02 -5.384772142348194512e-02 -1.409455493223644162e-01 -8.432413752714194022e-01 -1.036479562117857744e+00 -1.178831778519313467e+01 1.610545103415952539e+01 -2.213945131674046536e+02 8.526144509961145559e+02 -5.923970759481739151e+03 2.546477158376944863e+04 -6.091433228619390320e+03 8.814757371486463171e+02 -2.416515421359619609e+02 1.495049235633256401e+01 -1.442186050976251188e+01 -1.745031229834849151e+00 -1.202483218154537736e+00 -2.386741025651276937e-01 -8.733288395992573616e-02 -4.758332319922632669e-02 -5.500918219313487290e-02 -5.519299995368798228e-02 -4.562992941547135833e-02 -3.196260533275371851e-02 -2.013819596986871421e-02 -1.262025559262280709e-02 -9.014148572915645086e-03 -7.664730436844462320e-03 -7.011560542578578435e-03 -6.212601897474299625e-03 -5.129686166160748843e-03 -3.996814397720808987e-03 -3.079016297691708048e-03 -2.484481626763964269e-03 -2.163190178555488702e-03 -1.964915180261232394e-03 -1.769478504375837646e-03 -1.556029244628189022e-03 -1.319459405913545437e-03 -1.105356445892785198e-03 -9.424498605103698171e-04 -8.340905958965113935e-04 -7.611539002430546715e-04 -6.990017044903791034e-04 -6.321038727115600980e-04 -5.591414531011870822e-04 -4.884520376192061494e-04 -4.293086674707286346e-04 -3.854814267392289327e-04 -3.532571310064815378e-04 -3.292110028824025308e-04 -2.916233959705113944e-04 -3.350626900539205376e-04
-4.228209074615660898e-04 -1.540603511348877718e-03 -2.580416007242347654e-03 -4.316728676218276398e-03 -7.669543508444516544e-03 -1.338325356703871927e-02 -2.093524245204946357e-02 -2.761445236264791631e-02 -2.998626650050274442e-02 -2.755849141230646421e-02 -5.477825015204357967e-02 -1.437930567035858864e-01 -8.542126021153005899e-01 -1.056588218441799842e+00 -1.186593836268596647e+01 1.608304690006739790e+01 -2.219683005614760418e+02 8.534613101372260644e+02 -5.928432613042642515e+03 2.546501604460308954e+04 -6.087301048285351499e+03 8.808299872018866381e+02 -2.411777661647041384e+02 1.498529657481578958e+01 -1.436197863977871414e+01 -1.728386639804603497e+00 -1.194497367836534041e+00 -2.364103751185411828e-01 -8.650812132434357316e-02 -4.705316741954462118e-02 -5.440894590955001886e-02 -5.457341654440708845e-02 -4.509562877980619056e-02 -3.156736154646370973e-02 -1.987277387703535736e-02 -1.244278187198169169e-02 -8.881604733909273172e-03 -7.549997454201354610e-03 -6.905271742685451485e-03 -6.116176417727875805e-03 -5.047589126015935429e-03 -3.929392221670540732e-03 -3.028914931851636825e-03 -2.439911867844804169e-03 -2.103286982975354109e-03 -1.912321105374714409e-03 -1.732852023334007473e-03 -1.521515911790011742e-03 -1.290805304416812842e-03 -1.080887974198587462e-03 -9.214252395493265774e-04 -8.154514347560924779e-04 -7.442435915264777662e-04 -6.835708030042393721e-04 -6.181802108395916288e-04 -5.467952733592526451e-04 -4.776065612932631102e-04 -4.198880402379988482e-04 -3.766857634436020404e-04 -3.484610920667879463e-04 -3.108969229212355423e-04 -3.639986539721571149e-04
-3.922075274194524526e-04 -1.389600115489010882e-03 -2.096502770221950977e-03 -2.960508533706644133e-03 -4.643879587651468348e-03 -8.132912411508869469e-03 -1.407932512188624086e-02 -2.182330679702997045e-02 -2.851959371804006771e-02 -3.069466653489194563e-02 -2.800592394607931412e-02 -5.556172844906248631e-02 -1.463309393128137126e-01 -8.640220160131001359e-01 -1.074659863331182574e+00 -1.193539853307304455e+01 1.606236714657659803e+01 -2.224831418514741301e+02 8.542200285477630359e+02 -5.932451169918290361e+03 2.546522556152541438e+04 -6.083565066715660578e+03 8.802434497433208662e+02 -2.407484887972201761e+02 1.501653530870136066e+01 -1.430767088870261716e+01 -1.713310826866279335e+00 -1.187254588271736244e+00 -2.343652741532911143e-01 -8.576743624704380453e-02 -4.657624448818757645e-02 -5.386399452266733140e-02 -5.400864767845996867e-02 -4.460878618439455962e-02 -3.120880754198831347e-02 -1.963379174961884382e-02 -1.228384491049554737e-02 -8.762272910585842609e-03 -7.445212589181147110e-03 -6.807555128484946497e-03 -6.026799749887539435e-03 -4.975533141966256324e-03 -3.868607632907126916e-03 -2.960552558914515339e-03 -2.383610164453158538e-03 -2.064104236052681507e-03 -1.874639046673804788e-03 -1.699771287784670537e-03 -1.492225174364997502e-03 -1.265677349382430096e-03 -1.059471929100870222e-03 -9.029158528459622652e-04 -7.989850211564693662e-04 -7.292440907631450326e-04 -6.698379653725654737e-04 -6.057670627015553219e-04 -5.357668317612619907e-04 -4.680720104189806064e-04 -4.110909772934154879e-04 -3.722913353462003702e-04 -3.293250972777273726e-04 -3.903107726168945565e-04
-3.182988489017908292e-04 -1.161473897778651440e-03 -1.782041820414643606e-03 -2.373590083226361641e-03 -3.208199722695238409e-03 -4.975139813051903531e-03 -8.608971439963206476e-03 -1.471262444608514852e-02 -2.256540461261247188e-02 -2.925340519738623551e-02 -3.127775383350554078e-02 -2.840424418699602493e-02 -5.629659598432417561e-02 -1.486495941953463185e-01 -8.728438656557679920e-01 -1.090955870134373340e+00 -1.199789239068624980e+01 1.604325914925025742e+01 -2.229477040193500841e+02 8.549036709795910838e+02 -5.936089398363407781e+03 2.546540648970936672e+04 -6.080170887998982835e+03 8.797083548481544995e+02 -2.403577054090377487e+02 1.504472481760331348e+01 -1.425819878189885337e+01 -1.699598715421838824e+00 -1.180657820872117014e+00 -2.325056187912299122e-01 -8.509333088575761483e-02 -4.614107981891569371e-02 -5.336675002273170293e-02 -5.349450168036071207e-02 -4.416676383211826096e-02 -3.088377587240034861e-02 -1.941674943159232142e-02 -1.213840253080625611e-02 -8.652470961701413596e-03 -7.348074584082143340e-03 -6.720948656891758029e-03 -5.945744259515725084e-03 -4.887739905202348294e-03 -3.797897103537051493e-03 -2.912952134151037837e-03 -2.342067278482008914e-03 -2.028600653192548856e-03 -1.842299171162560187e-03 -1.670490185707941165e-03 -1.466302162118790671e-03 -1.243335158979508304e-03 -1.040400272934378359e-03 -8.864000671118690920e-04 -7.842587869857132760e-04 -7.157959423135070364e-04 -6.575075381076443725e-04 -5.945989716132679247e-04 -5.260106183683084221e-04 -4.590859709193662540e-04 -4.069088438443956598e-04 -3.523475380869331170e-04 -4.151797519467693943e-04
-2.275303180469701199e-04 -8.781424635649601228e-04 -1.465378112023351786e-03 -2.052493352112533427e-03 -2.632133698293115647e-03 -3.481952377939434053e-03 -5.281857354283913883e-03 -8.986549034933122293e-03 -1.520366079943042369e-02 -2.317255718013246785e-02 -2.989807690481897234e-02 -3.182674388456937370e-02 -2.880099472336964880e-02 -5.698291790968219167e-02 -1.507439250129893049e-01 -8.807884258030554969e-01 -1.105712986598445413e+00 -1.205443223613527870e+01 1.602554616858536818e+01 -2.233690382241548775e+02 8.555228575570064322e+02 -5.939398852903125771e+03 2.546556381684022563e+04 -6.077073641876966576e+03 8.792182204580551570e+02 -2.400004606685184854e+02 1.507028115124543355e+01 -1.421294459332131765e+01 -1.687070048549403900e+00 -1.174618828687508110e+00 -2.308034557308537571e-01 -8.447694521366549969e-02 -4.574511170012807854e-02 -5.291451020118673881e-02 -5.302610321998290493e-02 -4.376288972663814475e-02 -3.058551801823081867e-02 -1.921699533406435317e-02 -1.200377722612244041e-02 -8.554513282411663200e-03 -7.259723855311897740e-03 -6.620407139598901043e-03 -5.856795245440297136e-03 -4.821620137832794209e-03 -3.742646965201795739e-03 -2.869618101638004865e-03 -2.306034541811450081e-03 -1.996999097970103554e-03 -1.813487451734671716e-03 -1.644255000978978899e-03 -1.443020433242186637e-03 -1.223238495038414097e-03 -1.023230551233062424e-03 -8.715168060152907745e-04 -7.709695737269541124e-04 -7.036498328053343359e-04 -6.463487037763690360e-04 -5.846682201842253379e-04 -5.167444152933800593e-04 -4.549340907914540991e-04 -3.860578491421154347e-04 -4.442405705720150252e-04
-1.514458145491472054e-04 -6.194490577275018131e-04 -1.138755769228073141e-03 -1.742233274565645326e-03 -2.319759899682679715e-03 -2.868463479774606677e-03 -3.682547588539745141e-03 -5.487542497933874455e-03 -9.270091629458812599e-03 -1.562687354043710772e-02 -2.373453979942752659e-02 -3.050708069608384920e-02 -3.234139495168518452e-02 -2.916152036869003317e-02 -5.759311939425477977e-02 -1.526325408251086591e-01 -8.879904937471457815e-01 -1.119159704290533686e+00 -1.210584904326663924e+01 1.600909151632689387e+01 -2.237529103574910323e+02 8.560863087856748734e+02 -5.942422173321791888e+03 2.546570147614454618e+04 -6.074235997319769012e+03 8.787676038146072415e+02 -2.396726114542944686e+02 1.509355732974604081e+01 -1.417138460679071166e+01 -1.675574009311092905e+00 -1.169069236317107352e+00 -2.292421270954851376e-01 -8.391434829720005595e-02 -4.538487890994216678e-02 -5.250070930989019641e-02 -5.259540787829200537e-02 -4.339070252920361470e-02 -3.030984792686434309e-02 -1.903583007415030406e-02 -1.188068203063403529e-02 -8.444087707562532297e-03 -7.164417285320271063e-03 -6.541900532711587314e-03 -5.784269181743038890e-03 -4.761092794680111401e-03 -3.693812792686860039e-03 -2.830691698924461472e-03 -2.273730860397834425e-03 -1.968553002345383059e-03 -1.787477894741125364e-03 -1.620509215082375750e-03 -1.421914493136748484e-03 -1.205005598891187388e-03 -1.007647491223503467e-03 -8.580029236586300114e-04 -7.589037706325080105e-04 -6.926038948872781809e-04 -6.363901370723886201e-04 -5.751686383100804980e-04 -5.125802378461968411e-04 -4.328840009669254036e-04 -4.848524375702468266e-04
-1.050461432972557449e-04 -4.396738515124590848e-04 -8.523184083006455931e-04 -1.394053960755520412e-03 -1.980219753477103703e-03 -2.514216510206349498e-03 -3.014550035202779449e-03 -3.810924572821352673e-03 -5.655176955289488612e-03 -9.538299712190015378e-03 -1.603122322785464557e-02 -2.425510033653648090e-02 -3.105465318487556081e-02 -3.279486439579706869e-02 -2.947864077523603202e-02 -5.814771798015879595e-02 -1.543632231777358199e-01 -8.945648423581821218e-01 -1.131465716792655396e+00 -1.215280296969692841e+01 1.599378674570743364e+01 -2.241041048272959415e+02 8.566012269649297650e+02 -5.945194943163566677e+03 2.546582260891814440e+04 -6.071626626076766115e+03 8.783519151110127723e+02 -2.393706639513031291e+02 1.511484727662257477e+01 -1.413308291765386393e+01 -1.664990236730508055e+00 -1.163954743282202831e+00 -2.278063278341479203e-01 -8.339808747634570862e-02 -4.505366025898940169e-02 -5.211898513169465480e-02 -5.219705852379014077e-02 -4.304977969392233261e-02 -3.005609463881462814e-02 -1.884895659248168528e-02 -1.175356363868021101e-02 -8.355834731608608248e-03 -7.085580023624203465e-03 -6.469802113481944519e-03 -5.719285838812450222e-03 -4.706139437245306610e-03 -3.649562486413957148e-03 -2.795388344261538760e-03 -2.244426153678930579e-03 -1.942707119704821040e-03 -1.763798318998152778e-03 -1.598853078796376448e-03 -1.402645457950517458e-03 -1.188352911263938164e-03 -9.934146639775181219e-04 -8.456707863598698785e-04 -7.478825374457480140e-04 -6.827256769881828724e-04 -6.267893612156638173e-04 -5.711475481262608903e-04 -4.888731764037825521e-04 -5.411885698098273158e-04
-8.501586149348115142e-05 -3.427296217875020791e-04 -6.424198038994208574e-04 -1.057866610318629590e-03 -1.574909485792777954e-03 -2.129776610010127805e-03 -2.637367578108454607e-03 -3.127319047284754603e-03 -3.937255045857486827e-03 -5.826937981918420620e-03 -9.791665087367217371e-03 -1.639163556558638143e-02 -2.471143053845312881e-02 -3.153872210285250943e-02 -3.320540299761752523e-02 -2.977723723967051414e-02 -5.866792541172603792e-02 -1.559571805952232049e-01 -9.005824897746832480e-01 -1.142759593238245941e+00 -1.219584672798836245e+01 1.597952059062553687e+01 -2.244266358391971039e+02 8.570736193618201924e+02 -5.947747075685288110e+03 2.546592976135014760e+04 -6.069219039849757792e+03 8.779672494451119746e+02 -2.390916617443109544e+02 1.513439109970121521e+01 -1.409767293659741405e+01 -1.655215552229350129e+00 -1.159225235140090016e+00 -2.264793987856738300e-01 -8.292105406888926333e-02 -4.474715152173013022e-02 -5.176881371859678310e-02 -5.182928185789612008e-02 -4.271518536311960657e-02 -2.980804849239930901e-02 -1.868917326882806734e-02 -1.164478299823968124e-02 -8.274583605879390347e-03 -7.014586632373466697e-03 -6.403996630426980058e-03 -5.659940730538935358e-03 -4.655868411992109338e-03 -3.609091999182144177e-03 -2.763115688788915243e-03 -2.217638062914673979e-03 -1.919058894445538647e-03 -1.742100898783790130e-03 -1.578984413418669597e-03 -1.384954373714945147e-03 -1.173062226507800253e-03 -9.803622386123857398e-04 -8.343578699576669746e-04 -7.380155698924062294e-04 -6.731143135083468261e-04 -6.231887362129268819e-04 -5.453053344800306386e-04 -6.103686299226324151e-04
-7.867836944630345964e-05 -2.983407149023787979e-04 -5.092910980126399284e-04 -7.905444177325689258e-04 -1.180962553611303312e-03 -1.687076775575388227e-03 -2.242909706539976226e-03 -2.754851987711819019e-03 -3.246267500641933888e-03 -4.061018698192906708e-03 -5.976857031414250891e-03 -1.000582865241334690e-02 -1.670468184864488947e-02 -2.512219467570256382e-02 -3.198643135396180698e-02 -3.359218494812320210e-02 -3.006064637297597639e-02 -5.914866859709212027e-02 -1.574195644688418938e-01 -9.061058071941329173e-01 -1.153162886735724202e+00 -1.223545691111320544e+01 1.596618982842886325e+01 -2.247238813070007097e+02 8.575085489249144075e+02 -5.950103897543464882e+03 2.546602500848995624e+04 -6.066990700512934382e+03 8.776102573860641769e+02 -2.388330853722756046e+02 1.515239265302123783e+01 -1.406483773047374441e+01 -1.646158422716493819e+00 -1.154837120040558718e+00 -2.252484694571748880e-01 -8.248190684788293814e-02 -4.446437957360009630e-02 -5.142596177991583944e-02 -5.147541989000707641e-02 -4.241739982243793172e-02 -2.958633883459963962e-02 -1.854124193047164068e-02 -1.154576660033979942e-02 -8.200149928064080773e-03 -6.949549390374230515e-03 -6.343536753654059612e-03 -5.605338548724016386e-03 -4.609590756036335314e-03 -3.571848935047046165e-03 -2.733435569835314990e-03 -2.193007023016040318e-03 -1.897301342809561663e-03 -1.722116189676888877e-03 -1.560666972963298087e-03 -1.368637768426962708e-03 -1.158976262430152625e-03 -9.683374741997905410e-04 -8.242166867632660585e-04 -7.283179728541638994e-04 -6.701487538073000764e-04 -5.949054079603009141e-04 -6.831065842544099907e-04
-7.401657043930977905e-05 -2.706182215397893651e-04 -4.282114909390128689e-04 -6.124693773308234135e-04 -8.752022879244123399e-04 -1.269438160868989690e-03 -1.790714561879531942e-03 -2.358080977057457322e-03 -2.868066459490665413e-03 -3.347760984341358395e-03 -4.158157011023995951e-03 -6.099053996630957562e-03 -1.019554282627443791e-02 -1.699461797142172437e-02 -2.550669521028662082e-02 -3.240390195016328023e-02 -3.394956061397590846e-02 -3.031964652432301080e-02 -5.958863219827702229e-02 -1.587673888485752194e-01 -9.111995185953183363e-01 -1.162782901149706172e+00 -1.227203176797583595e+01 1.595371173263997733e+01 -2.249987016815030074e+02 8.579103062447970842e+02 -5.952287005385800512e+03 2.546611004907542156e+04 -6.064922309306085481e+03 8.772780556069178601e+02 -2.385927682006306441e+02 1.516902861438382999e+01 -1.403430426018510246e+01 -1.637741623132373370e+00 -1.150757493199630721e+00 -2.241051013562061767e-01 -8.205646366136504222e-02 -4.418984935560236332e-02 -5.111982094448588865e-02 -5.115459781031322234e-02 -4.214062846558754710e-02 -2.938181776723024566e-02 -1.840448067903784068e-02 -1.145447901873066290e-02 -8.131552649340045499e-03 -6.889559663027204281e-03 -6.287680804567465954e-03 -5.554841666412253971e-03 -4.566781099072988320e-03 -3.537410295243080365e-03 -2.706008018917364834e-03 -2.170251558883975335e-03 -1.877191542383943156e-03 -1.703629821165616315e-03 -1.543712078121001023e-03 -1.353549126148105531e-03 -1.145947444872482844e-03 -9.575321401600125903e-04 -8.141598964099744156e-04 -7.259591252195404451e-04 -6.393937358728184455e-04 -7.499931489176988242e-04
-6.518561896249858536e-05 -2.378769064403024396e-04 -3.705612876532323342e-04 -5.070708857229604518e-04 -6.814287381930415064e-04 -9.517111065867019711e-04 -1.359166426300393183e-03 -1.889119509365729584e-03 -2.455098890719779794e-03 -2.955475652866172091e-03 -3.426025428052836743e-03 -4.241095646082833348e-03 -6.214144906665480979e-03 -1.037680401964764798e-02 -1.726613988311452227e-02 -2.586044650874034373e-02 -3.278467249631086822e-02 -3.427544631433307454e-02 -3.055850077917538279e-02 -5.999843863031595337e-02 -1.600191877234230231e-01 -9.159140219766744861e-01 -1.171702811876357719e+00 -1.230590416947344323e+01 1.594201305525354861e+01 -2.252535449500519462e+02 8.582825455874585714e+02 -5.954314927434444144e+03 2.546618628989973877e+04 -6.062997238970979197e+03 8.769681509519782594e+02 -2.383688389824821741e+02 1.518444883405800638e+01 -1.400584104504905802e+01 -1.629901052813528928e+00 -1.146935586685005282e+00 -2.230277960571829532e-01 -8.167253617041318747e-02 -4.394262281247213880e-02 -5.083503265158189482e-02 -5.085724155030992011e-02 -4.188328604129653437e-02 -2.919176710714691675e-02 -1.827750122610097630e-02 -1.136985677134142586e-02 -8.068016300819103037e-03 -6.833962028151998810e-03 -6.235853898212496971e-03 -5.507950101803095640e-03 -4.527021529221545923e-03 -3.505437753335226801e-03 -2.680559928716897116e-03 -2.149144489760268766e-03 -1.858533347544507816e-03 -1.686468418477425450e-03 -1.527984712987529286e-03 -1.339544608723605180e-03 -1.134200904072198320e-03 -9.467528390614196598e-04 -8.121015181170227783e-04 -6.928691669611093630e-04 -8.104739191134502016e-04
-5.264220651496600493e-05 -1.967709088069781605e-04 -3.182161523681801022e-04 -4.415507991448863593e-04 -5.740750108845311863e-04 -7.511671952060532120e-04 -1.024121469668225334e-03 -1.432799052760573046e-03 -1.963128624718842811e-03 -2.529104604480118205e-03 -3.028922076599928955e-03 -3.500130007574927832e-03 -4.323872113529426617e-03 -6.324840592921977117e-03 -1.054349425367825596e-02 -1.751206925619237451e-02 -2.618203888630949577e-02 -3.313462261950788496e-02 -3.457923451693448169e-02 -3.078477959253766300e-02 -6.038288827621557386e-02 -1.611827575314225269e-01 -9.202864112409309127e-01 -1.179993614936231117e+00 -1.233736354305488092e+01 1.593102314867709346e+01 -2.254905177110708223e+02 8.586284041126945112e+02 -5.956203644011941833e+03 2.546625490640920543e+04 -6.061201089113323178e+03 8.766783726972157638e+02 -2.381596780014705814e+02 1.519877976008508114e+01 -1.397922541237720218e+01 -1.622567333383046373e+00 -1.143374530208432827e+00 -2.220293688994462167e-01 -8.131471353336792995e-02 -4.371391143940622087e-02 -5.056998731789864171e-02 -5.058008395463214207e-02 -4.164321942004893529e-02 -2.901450210789475667e-02 -1.815916835634808282e-02 -1.129110328649360513e-02 -8.008932848359120657e-03 -6.782238029653689555e-03 -6.187592676722617618e-03 -5.464256603428944634e-03 -4.489969494640212375e-03 -3.475653214148746034e-03 -2.656866536093747868e-03 -2.129499744798689712e-03 -1.841166448890084158e-03 -1.670509494570084465e-03 -1.513346277768219715e-03 -1.326879784013368108e-03 -1.122444845096458527e-03 -9.445921502149604368e-04 -7.766534816592379721e-04 -8.783718327627017567e-04
-4.000894200504409879e-05 -1.550988592485732782e-04 -2.664002788075481992e-04 -3.878350811790382663e-04 -5.085480225009519992e-04 -6.365771429670916571e-04 -8.067165052490099129e-04 -1.075203091316734392e-03 -1.485824821454492925e-03 -2.023876560217507340e-03 -2.598258080888126917e-03 -3.101892531520448072e-03 -3.572511120755578282e-03 -4.399860954137337944e-03 -6.422817241762749513e-03 -1.069259182303102136e-02 -1.773702462735108135e-02 -2.648085149260297200e-02 -3.346249447559182522e-02 -3.486487553662875882e-02 -3.099727740214915442e-02 -6.074042335831243700e-02 -1.622643761488833936e-01 -9.243526200305718366e-01 -1.187721751494871247e+00 -1.236666197610984419e+01 1.592068010941826728e+01 -2.257114371439540150e+02 8.589505924931670506e+02 -5.957967013127406972e+03 2.546631688331306941e+04 -6.059521330154494535e+03 8.764068206960420184e+02 -2.379638517197889485e+02 1.521214409226558750e+01 -1.395430885312094382e+01 -1.615710528748223851e+00 -1.140038616384289050e+00 -2.210963813929201771e-01 -8.098095201871706450e-02 -4.350096438369910334e-02 -5.032253125455753845e-02 -5.032093395025846044e-02 -4.141861853219228756e-02 -2.884867574766414311e-02 -1.804855508332638830e-02 -1.121757345617701608e-02 -7.953807638863198692e-03 -6.733962466571762583e-03 -6.142513375167654374e-03 -5.423421491234692998e-03 -4.455338225531429996e-03 -3.447823726665157334e-03 -2.634741045131862563e-03 -2.111163710086318406e-03 -1.824979873253028493e-03 -1.655622105833745019e-03 -1.500088885740436407e-03 -1.314167029552145436e-03 -1.120008123164146444e-03 -9.062150477858061650e-04 -9.781322293156030113e-04
-3.056341418329111738e-05 -1.217453531110916979e-04 -2.185663706674997669e-04 -3.327315942986612367e-04 -4.497250350199989396e-04 -5.615235828895898638e-04 -6.792725975871232022e-04 -8.438655128841999120e-04 -1.114976044298606828e-03 -1.535091357787476442e-03 -2.084216347555270001e-03 -2.665231966225994724e-03 -3.168389378466916848e-03 -3.635108098577496602e-03 -4.465386697836699892e-03 -6.511116295186559176e-03 -1.083158094198623765e-02 -1.794850912626101691e-02 -2.676100370567182155e-02 -3.376839259690517236e-02 -3.513029346403673259e-02 -3.119453593346098105e-02 -6.107362747588399726e-02 -1.632744057733239440e-01 -9.281462673760082494e-01 -1.194943906681727341e+00 -1.239401463958395766e+01 1.591093166184430352e+01 -2.259178811511596336e+02 8.592514613941342532e+02 -5.959617116072633507e+03 2.546637304914900233e+04 -6.057946985360387771e+03 8.761518394230155309e+02 -2.377801486707482468e+02 1.522461891068429551e+01 -1.393092385617751106e+01 -1.609280516645078540e+00 -1.136907612124524958e+00 -2.202218378796217124e-01 -8.066873614320561880e-02 -4.330201914080323428e-02 -5.009084835482213033e-02 -5.007799264784323218e-02 -4.120795867929891859e-02 -2.869315543461703824e-02 -1.794488369888670026e-02 -1.114872877708238813e-02 -7.902227953419570239e-03 -6.688778768550934090e-03 -6.100291993656221413e-03 -5.385156600612781182e-03 -4.422884060270867480e-03 -3.421753039238915536e-03 -2.614027671432274900e-03 -2.094032848222997928e-03 -1.809850750222575253e-03 -1.642152496532065702e-03 -1.486705473640755363e-03 -1.311772678076953856e-03 -1.077407341848523941e-03 -1.130977581155032542e-03
-2.531017369221654419e-05 -1.003099994250487604e-04 -1.794538333413370624e-04 -2.766606535817411612e-04 -3.841405744868360236e-04 -4.924236816614792952e-04 -5.966610746051026525e-04 -7.112953073694431834e-04 -8.780809404083563799e-04 -1.155402807574940982e-03 -1.583212601370177688e-03 -2.138711476986996513e-03 -2.722635057785912933e-03 -3.225017792956708269e-03 -3.690571164557623733e-03 -4.526866812975346814e-03 -6.595761398567798021e-03 -1.096317267701259895e-02 -1.814589035457088093e-02 -2.702076063848011384e-02 -3.405195152484415816e-02 -3.537743596531935097e-02 -3.138003748024100620e-02 -6.138724147962481420e-02 -1.642209075607762025e-01 -9.316934218908805576e-01 -1.201706625730814881e+00 -1.241960825557394799e+01 1.590172987675190441e+01 -2.261112309315900006e+02 8.595330580156014548e+02 -5.961164510385578069e+03 2.546642411941138198e+04 -6.056468457311036218e+03 8.759119404316952568e+02 -2.376074667514634484e+02 1.523629463248938087e+01 -1.390893371448230020e+01 -1.603237862446272644e+00 -1.133962988123582205e+00 -2.194002110640375924e-01 -8.037592504826089612e-02 -4.311564824690429509e-02 -4.987340407860138547e-02 -4.984972488275928731e-02 -4.100993153285213688e-02 -2.854696993086052598e-02 -1.784748979730045246e-02 -1.108411136401385617e-02 -7.853843313430568934e-03 -6.646383057959122376e-03 -6.060651066405351936e-03 -5.349214488872243607e-03 -4.392399486235036565e-03 -3.397275970252027107e-03 -2.594624329559595561e-03 -2.077988652918518961e-03 -1.796203899328140726e-03 -1.628413742641275728e-03 -1.485133556987482204e-03 -1.263191237495674482e-03 -1.337928642753842502e-03
-2.306303233226879919e-05 -8.839947564335722539e-05 -1.507623144863963743e-04 -2.262509062397314208e-04 -3.161608740175240540e-04 -4.183270336743997162e-04 -5.241497245786861259e-04 -6.283321108514698227e-04 -7.438852427410012468e-04 -9.119170138021831821e-04 -1.191423804637258997e-03 -1.623233157995307343e-03 -2.184192374015613350e-03 -2.773064378538562906e-03 -3.277913712779544509e-03 -3.744448550197767168e-03 -4.586312765035062584e-03 -6.675188827516097614e-03 -1.108463745865106119e-02 -1.832815087872809515e-02 -2.726217214327281840e-02 -3.431738375346947423e-02 -3.561039333381332134e-02 -3.155591546658807062e-02 -6.168239433771856295e-02 -1.651081219263084154e-01 -9.350162031204450885e-01 -1.208051742571900178e+00 -1.244360992816932843e+01 1.589302958442272917e+01 -2.262926784744158226e+02 8.597971875361478169e+02 -5.962618520681598056e+03 2.546647067676722509e+04 -6.055077247255988368e+03 8.756858289368024089e+02 -2.374448428823610868e+02 1.524724607702085422e+01 -1.388821690515831797e+01 -1.597548356047005402e+00 -1.131188427764669546e+00 -2.186267363095853733e-01 -8.010069204080251526e-02 -4.294064180215638460e-02 -4.966887830375469465e-02 -4.963480013986158040e-02 -4.082340032428731502e-02 -2.840927614599869991e-02 -1.775579859349923906e-02 -1.102332669501356575e-02 -7.808352084927659698e-03 -6.606513117351092874e-03 -6.023350488252968669e-03 -5.315382857941733721e-03 -4.363708617794594992e-03 -3.374286961076710181e-03 -2.576409348546043147e-03 -2.063554712718017846e-03 -1.782088073454004412e-03 -1.628493927934014304e-03 -1.429026906158868552e-03 -1.572443136970045089e-03
-2.176873055101107921e-05 -8.074555005856452012e-05 -1.305860792011145520e-04 -1.870103312745220693e-04 -2.565605154343571660e-04 -3.449517405596337150e-04 -4.483817199923314633e-04 -5.556118416040932905e-04 -6.592484852100610141e-04 -7.725182434010025110e-04 -9.388597612605418044e-04 -1.219951288165278466e-03 -1.657512484999646221e-03 -2.226474024381439563e-03 -2.821877260401008895e-03 -3.329047996089366714e-03 -3.795094308956326826e-03 -4.640608176755395969e-03 -6.747574351284107812e-03 -1.119699451894522711e-02 -1.849874041731738167e-02 -2.748931481474627125e-02 -3.456748601462855675e-02 -3.582983815896271379e-02 -3.172133810549790378e-02 -6.195947177549866042e-02 -1.659407748226581492e-01 -9.381376226582019973e-01 -1.214018162382626276e+00 -1.246614801719508492e+01 1.588480201410217596e+01 -2.264633138066661786e+02 8.600454107132458148e+02 -5.963987344719434986e+03 2.546651324203068361e+04 -6.053765841783667383e+03 8.754723503930185871e+02 -2.372914224669021337e+02 1.525753854685405386e+01 -1.386866568069363659e+01 -1.592181790482219306e+00 -1.128569509944168381e+00 -2.178972368222510114e-01 -7.984145419180568859e-02 -4.277595586152620893e-02 -4.947612153788945311e-02 -4.943205392390635083e-02 -4.064736856805111626e-02 -2.827933571534576793e-02 -1.766930808512022846e-02 -1.096603124340110591e-02 -7.765491843327413345e-03 -6.568940589261269662e-03 -5.988183361943365257e-03 -5.283480973999947657e-03 -4.336701674189835133e-03 -3.352653084973629839e-03 -2.560009577279784981e-03 -2.048442158386387050e-03 -1.784085502964858705e-03 -1.564241336749397100e-03 -1.793888961470922836e-03
-1.990163766049025503e-05 -7.293965667412377011e-05 -1.152955609814393747e-04 -1.597517980481714332e-04 -2.125242663363526442e-04 -2.826113149024910682e-04 -3.729565597982093320e-04 -4.772350977276865734e-04 -5.829547080601168345e-04 -6.835090371112781393e-04 -7.943090829517243613e-04 -9.610398067180420979e-04 -1.246371231015586676e-03 -1.691071778694130381e-03 -2.267454770098314455e-03 -2.867581534873057426e-03 -3.375473400844822541e-03 -3.840604263723440721e-03 -4.690271728813868828e-03 -6.815483830757434851e-03 -1.130333806458773578e-02 -1.865982908023485626e-02 -2.770295311978430292e-02 -3.480209098168295795e-02 -3.603576686127147460e-02 -3.187654318066467790e-02 -6.222232041726459550e-02 -1.667250538095497447e-01 -9.410600408679528073e-01 -1.219628807489254729e+00 -1.248737499736836654e+01 1.587699482137551854e+01 -2.266240675123523829e+02 8.602791270302257089e+02 -5.965278256700628845e+03 2.546655225956406866e+04 -6.052527564909554712e+03 8.752704751539411063e+02 -2.371464451527132837e+02 1.526722966415227134e+01 -1.385018417204595664e+01 -1.587111343437923372e+00 -1.126093424449053693e+00 -2.172080225051244429e-01 -7.959682531547739026e-02 -4.262067962397106391e-02 -4.929412424622796329e-02 -4.924045964673195303e-02 -4.048095678541011044e-02 -2.815649740911804408e-02 -1.758757632956404332e-02 -1.091192324275564764e-02 -7.725032508716566000e-03 -6.533468179883560045e-03 -5.954973176262774032e-03 -5.253399327353708986e-03 -4.311230687506029634e-03 -3.333091187221158113e-03 -2.542773422236825273e-03 -2.051662584577475072e-03 -1.712125217110951501e-03 -1.981917904374147325e-03
-1.711072772021832115e-05 -6.342605296182249428e-05 -1.018017874368338740e-04 -1.411392958038871679e-04 -1.838042326114247007e-04 -2.369522235230757173e-04 -3.073330133998957423e-04 -3.969657788647960547e-04 -4.996159796545996496e-04 -6.035878700090104108e-04 -7.031426933743400651e-04 -8.143155189274369626e-04 -9.831572621298262198e-04 -1.272425694553209422e-03 -1.722452304251110167e-03 -2.304328174095810703e-03 -2.908393010627606003e-03 -3.417685536287730103e-03 -3.883289869438351881e-03 -4.737878797843085923e-03 -6.880361607511570332e-03 -1.140368675207119840e-02 -1.881079187839305306e-02 -2.790317064051663423e-02 -3.502196841791457849e-02 -3.623155941426027538e-02 -3.202370176242597816e-02 -6.245700476509703780e-02 -1.674553323308945463e-01 -9.438235485445585216e-01 -1.224929470426159961e+00 -1.250739393259559762e+01 1.586958160179231037e+01 -2.267757748079094711e+02 8.604995728957114807e+02 -5.966497724892510632e+03 2.546658811313987462e+04 -6.051356465168674731e+03 8.750792824107113574e+02 -2.370092321848440520e+02 1.527637051205446816e+01 -1.383268677718530526e+01 -1.582313102299564012e+00 -1.123748744377804476e+00 -2.165558151044804369e-01 -7.936558231847329337e-02 -4.247401205113073008e-02 -4.912199400840751295e-02 -4.905910707479214927e-02 -4.032338435875254534e-02 -2.804018331454929264e-02 -1.751021165544719427e-02 -1.086073606851098959e-02 -7.686774543888346203e-03 -6.499927413867680540e-03 -5.923617948669092012e-03 -5.224978917793617061e-03 -4.288086337893063336e-03 -3.312615753646437448e-03 -2.545828264926874689e-03 -1.972564552996734343e-03 -2.174657682234174515e-03
-1.398544994614818977e-05 -5.321329531878082994e-05 -8.876442786904693437e-05 -1.264817223685586441e-04 -1.647196620374302679e-04 -2.063173269468516959e-04 -2.575951160483200991e-04 -3.260437560109236588e-04 -4.146268809505800328e-04 -5.174541349741083700e-04 -6.223090139830392623e-04 -7.226345673813877428e-04 -8.342106272502318410e-04 -1.003802348636046934e-03 -1.295380483122918680e-03 -1.749889859591223637e-03 -2.337545022552762943e-03 -2.946542304412635635e-03 -3.458153498519852403e-03 -3.924414822608570004e-03 -4.783105979180636048e-03 -6.941041731192051575e-03 -1.149748421898989098e-02 -1.895195200692362247e-02 -2.809329976836352771e-02 -3.522968633505441094e-02 -3.640342038265974994e-02 -3.215398252365209847e-02 -6.268800727002982187e-02 -1.681512985147214367e-01 -9.464327171600650512e-01 -1.229940915189321693e+00 -1.252630568280081036e+01 1.586253437426896440e+01 -2.269191787368839357e+02 8.607078476246347236e+02 -5.967651520835645897e+03 2.546662113593053436e+04 -6.050247219921482611e+03 8.748979462319077811e+02 -2.368791757238708158e+02 1.528500654729466923e+01 -1.381609681270267664e+01 -1.577765673673472202e+00 -1.121525239699325605e+00 -2.159376891430881962e-01 -7.914663973619094628e-02 -4.233524429419575213e-02 -4.895893777364145744e-02 -4.888718518944257241e-02 -4.017395495658921539e-02 -2.792987797343452275e-02 -1.743686549853439710e-02 -1.081223680310628397e-02 -7.650547216448012888e-03 -6.468228195483410187e-03 -5.893958276988220911e-03 -5.199094926921574676e-03 -4.263981360759891599e-03 -3.314468798838717933e-03 -2.458407711422716437e-03 -2.480576718789604621e-03
-1.135266430015503948e-05 -4.423706499986255157e-05 -7.643730706158334066e-05 -1.124156389366382170e-04 -1.487000444168285959e-04 -1.845228515976881528e-04 -2.231348636288388212e-04 -2.723236782379073934e-04 -3.405070579781791537e-04 -4.304325370150453487e-04 -5.350234770126073959e-04 -6.407809005570025331e-04 -7.407123382367032183e-04 -8.514054951345339161e-04 -1.021245511414342784e-03 -1.315586843744552840e-03 -1.775452585346441953e-03 -2.369451453028226327e-03 -2.983261771128463240e-03 -3.496567633477809176e-03 -3.962745712522747557e-03 -4.825111453033686069e-03 -6.997332379558038849e-03 -1.158738330199748402e-02 -1.908541756711812712e-02 -2.826004138688235912e-02 -3.541709571933449735e-02 -3.657476911223683097e-02 -3.228345969768375845e-02 -6.290705610870234166e-02 -1.688111185171508599e-01 -9.489005786296141887e-01 -1.234685577891316388e+00 -1.254419961460753186e+01 1.585582722869400030e+01 -2.270549431254077319e+02 8.609049322831650670e+02 -5.968744810701489769e+03 2.546665161835151957e+04 -6.049195054419233202e+03 8.747257236654183998e+02 -2.367557298074512460e+02 1.529317835803981040e+01 -1.380034537629676095e+01 -1.573449856699343341e+00 -1.119413721979098497e+00 -2.153510240043676194e-01 -7.893902976941279126e-02 -4.220374598928914450e-02 -4.880424765189868286e-02 -4.872396824700319512e-02 -4.003204484282051057e-02 -2.782512011247765052e-02 -1.736723073180740373e-02 -1.076622516455297447e-02 -7.616267572265077689e-03 -6.438220660085320311e-03 -5.867020284741385552e-03 -5.172095784222965897e-03 -4.265315689965972802e-03 -3.213903223177244205e-03 -3.038024286187588664e-03
-9.662502726954696938e-06 -3.775613188237146746e-05 -6.571156232745939906e-05 -9.801620486849830995e-05 -1.318934652882277389e-04 -1.653996378965210258e-04 -1.986073894434529409e-04 -2.358736698357020924e-04 -2.852912312933654992e-04 -3.547433828431963555e-04 -4.460059724385545630e-04 -5.511951688521765820e-04 -6.566073850088974002e-04 -7.557538556977546913e-04 -8.662144306831562638e-04 -1.037407870696732768e-03 -1.335224193097567756e-03 -1.800272584556519406e-03 -2.399736487563767975e-03 -3.017378747517046773e-03 -3.532110336246574184e-03 -3.997990998796128147e-03 -4.866183272184456884e-03 -7.050825644618668488e-03 -1.166001663280545261e-02 -1.920295995727935509e-02 -2.842609076407522431e-02 -3.560011792400212538e-02 -3.673736439366230566e-02 -3.240769832005951923e-02 -6.311546235516206360e-02 -1.694369271388029008e-01 -9.512381973637574761e-01 -1.239184068054133947e+00 -1.256115575071211410e+01 1.584943652163013716e+01 -2.271836628736900536e+02 8.610917052183539226e+02 -5.969782232625516372e+03 2.546667981449306171e+04 -6.048195673063055438e+03 8.745619445800934955e+02 -2.366384026640732827e+02 1.530092230030513889e+01 -1.378537038094337497e+01 -1.569348367248509790e+00 -1.117405913699194064e+00 -2.147934643812107192e-01 -7.874188622799435655e-02 -4.207895424215592900e-02 -4.865728919268372948e-02 -4.856880428568784158e-02 -3.989709355674929403e-02 -2.772550061023611179e-02 -1.730104163256187058e-02 -1.072260885787543368e-02 -7.583793349312029086e-03 -6.411207594417824354e-03 -5.838539759366022548e-03 -5.176014031293356410e-03 -4.142814391682818863e-03 -3.924395111338243973e-03
-8.799259438433694640e-06 -3.369136315642044896e-05 -5.716669359010341598e-05 -8.422904984377551957e-05 -1.140986162267020488e-04 -1.458519736802305284e-04 -1.780061882824309090e-04 -2.108255270994155081e-04 -2.483069518519880753e-04 -2.980693025469603936e-04 -3.677401975547143131e-04 -4.591214510341922513e-04 -5.644579304453382690e-04 -6.701044788211913891e-04 -7.695952354884533697e-04 -8.807049954124268045e-04 -1.053335906032563940e-03 -1.353943106411767232e-03 -1.823178293588036862e-03 -2.427593782436841038e-03 -3.048614321396387640e-03 -3.566977810303209769e-03 -4.031593225506428617e-03 -4.893155205706479355e-03 -7.093159687126975033e-03 -1.173688034678923089e-02 -1.931968917958900439e-02 -2.858351711618411020e-02 -3.577478077381708588e-02 -3.689225866873599435e-02 -3.252638706594138118e-02 -6.331384106613935359e-02 -1.700311348762785779e-01 -9.534555434677437491e-01 -1.243454998162784486e+00 -1.257724596428980846e+01 1.584334068697516784e+01 -2.273058726650277492e+02 8.612689551721292673e+02 -5.970767962484246709e+03 2.546670594744266782e+04 -6.047245200764010406e+03 8.744060029614597624e+02 -2.365267501469280944e+02 1.530827103607222028e+01 -1.377111573052435389e+01 -1.565445603535315255e+00 -1.115494337425433802e+00 -2.142628871710286487e-01 -7.855443119032920474e-02 -4.196036421086657420e-02 -4.851749128642460912e-02 -4.842110561134171237e-02 -3.976860221634615639e-02 -2.763066386152207565e-02 -1.723817305881187797e-02 -1.068123075258989481e-02 -7.554848174009858898e-03 -6.381875928863608820e-03 -5.849587802097526261e-03 -5.021257336494080320e-03 -5.062688179225754113e-03
-8.298816048593974910e-06 -3.098909801257250225e-05 -5.066074665191668539e-05 -7.247645687043730381e-05 -9.735996054881335495e-05 -1.261851544870284611e-04 -1.577771414284333403e-04 -1.900820334178323040e-04 -2.227257817001261847e-04 -2.595548905246118990e-04 -3.085953985023077539e-04 -3.780745030031280808e-04 -4.700772076289492498e-04 -5.765657251524799673e-04 -6.832610719101906956e-04 -7.832505197583831263e-04 -8.945363947588816454e-04 -1.067871915241731980e-03 -1.370917122754865443e-03 -1.843852670062841575e-03 -2.455118212095315326e-03 -3.078360977204531307e-03 -3.588436901624102605e-03 -4.055375440300976186e-03 -4.926583429886279356e-03 -7.138601267448109293e-03 -1.180991568490233172e-02 -1.943149885161604001e-02 -2.873336882622692934e-02 -3.594106333131179970e-02 -3.703985109510132823e-02 -3.263972828632438067e-02 -6.350279935125337227e-02 -1.705960029650791243e-01 -9.555616274177848313e-01 -1.247515176530103354e+00 -1.259253497720187909e+01 1.583752003065997904e+01 -2.274220543930353813e+02 8.614373924302226442e+02 -5.971705770084939104e+03 2.546673021372103540e+04 -6.046340132710799480e+03 8.742573494251645343e+02 -2.364203701012470162e+02 1.531525399078520699e+01 -1.375753061301183600e+01 -1.561727445819574456e+00 -1.113672221057519840e+00 -2.137573730676107786e-01 -7.837596304411062476e-02 -4.184752050336455059e-02 -4.838433774508229396e-02 -4.828034891586784061e-02 -3.964613629588863153e-02 -2.754043451348297394e-02 -1.717841232578627003e-02 -1.064432039476105769e-02 -7.522588649030621105e-03 -6.403178118966916001e-03 -5.655513591944340800e-03 -6.211668980268909498e-03
-7.717108029450311929e-06 -2.847345116403013625e-05 -4.551413633429582714e-05 -6.347857029683025884e-05 -8.376944540507983360e-05 -1.084229021360099917e-04 -1.375520876030953646e-04 -1.692166542772588370e-04 -2.009068555115026404e-04 -2.324355635778509112e-04 -2.682937948982281468e-04 -3.171426406962684665e-04 -3.873995159585710293e-04 -4.807682004194050460e-04 -5.885032282562028790e-04 -6.957730743729813056e-04 -7.956210075242522084e-04 -9.069028391150586992e-04 -1.080672764506092733e-03 -1.388114482741120270e-03 -1.863595167255347384e-03 -2.469994552358142827e-03 -3.098709333232177801e-03 -3.616326137306157332e-03 -4.083055746401787096e-03 -4.958496120709075285e-03 -7.182871840708929083e-03 -1.187978286263499661e-02 -1.953812875569226754e-02 -2.887605583860131803e-02 -3.609940975521470918e-02 -3.718055166759024616e-02 -3.274799555490812142e-02 -6.368293320718940165e-02 -1.711336088341275652e-01 -9.575645984562973778e-01 -1.251379808988970721e+00 -1.260708122149690169e+01 1.583195654158252275e+01 -2.275326435188347887e+02 8.615976583442961783e+02 -5.972599067351638951e+03 2.546675278699053888e+04 -6.045477291171204342e+03 8.741154847549943270e+02 -2.363188975134432326e+02 1.532189774414181827e+01 -1.374456889185616504e+01 -1.558181084114461434e+00 -1.111933415751178655e+00 -2.132751811616972193e-01 -7.820584554619189332e-02 -4.174001048240411071e-02 -4.825737078565048299e-02 -4.814607902496878533e-02 -3.952947696216498746e-02 -2.745450453640269420e-02 -1.712445464237906737e-02 -1.060322522009483730e-02 -7.552391540771964847e-03 -6.170135864738493688e-03 -7.120510349328913052e-03
-6.879977683324263510e-06 -2.553252175461398268e-05 -4.098313334858109605e-05 -5.688818996807158896e-05 -7.397883547858970167e-05 -9.423645491804904227e-05 -1.188974151857067750e-04 -1.476459195635423504e-04 -1.784976828350795313e-04 -2.092749244663466980e-04 -2.402198158633784685e-04 -2.760840030541682547e-04 -3.255071185766666053e-04 -3.966565514416291812e-04 -4.909148214675547418e-04 -5.992331267044577036e-04 -7.068791679534435716e-04 -8.063766460732595944e-04 -9.196826660884304056e-04 -1.092956654324687494e-03 -1.393610336554015330e-03 -1.874722322709424177e-03 -2.491345528425087386e-03 -3.122912942306632286e-03 -3.642943798540710602e-03 -4.110435999910184990e-03 -4.989362213214685281e-03 -7.225441263263078853e-03 -1.194655987784619920e-02 -1.963979149744029401e-02 -2.901199391979109379e-02 -3.625030581395042445e-02 -3.731477623878025340e-02 -3.285147365898015426e-02 -6.385480904265512792e-02 -1.716458522249472429e-01 -9.594718380089271026e-01 -1.255062680208507420e+00 -1.262093758237828567e+01 1.582663372181332662e+01 -2.276380345322481844e+02 8.617503334987920880e+02 -5.973450949811543978e+03 2.546677382117451634e+04 -6.044653788204897864e+03 8.739799543052214403e+02 -2.362220003182085577e+02 1.532822636544782036e+01 -1.373218857953158967e+01 -1.554794868722018553e+00 -1.110272323974940578e+00 -2.128147268277698345e-01 -7.804350009685463718e-02 -4.163747147831890066e-02 -4.813619525740726185e-02 -4.801807775777144904e-02 -3.941821484347396432e-02 -2.737589373865338335e-02 -1.706594200213722157e-02 -1.063363834834883323e-02 -7.286637167192510159e-03 -7.852980544975279170e-03
-5.896996030318237725e-06 -2.227646304791229808e-05 -3.664651106345190789e-05 -5.169143025646439168e-05 -6.706132669474821294e-05 -8.380232542803165796e-05 -1.034421377146097930e-04 -1.273097455336443245e-04 -1.553713102488969808e-04 -1.858801335395791096e-04 -2.166651875502111199e-04 -2.477898084217715780e-04 -2.838315921610399433e-04 -3.334308996824563126e-04 -4.048583066907050234e-04 -4.997898021497873978e-04 -6.084405185455704374e-04 -7.183890545583355471e-04 -8.166891014151548113e-04 -9.213688319361416044e-04 -1.097273107394327761e-03 -1.405800504996506219e-03 -1.889996208939435538e-03 -2.511729244200403260e-03 -3.146920325689403063e-03 -3.668734741092190103e-03 -4.136943661655929395e-03 -5.019104096289270754e-03 -7.266264294179879818e-03 -1.201036172086598387e-02 -1.973676042819430196e-02 -2.914160092813467690e-02 -3.639422461961054622e-02 -3.744292686315461860e-02 -3.295044176613548537e-02 -6.401895689711266380e-02 -1.721344684128637559e-01 -9.612900444542916700e-01 -1.258576313221475118e+00 -1.263415203975365131e+01 1.582153643520949160e+01 -2.277385856605232846e+02 8.618959447431393528e+02 -5.974264232440105843e+03 2.546679345309050404e+04 -6.043866993363333677e+03 8.738503431355227349e+02 -2.361293757615367213e+02 1.533426170276047174e+01 -1.372035138029511181e+01 -1.551558180310084412e+00 -1.108683837917209924e+00 -2.123745654106138914e-01 -7.788841366778222197e-02 -4.153959600839609440e-02 -4.802066514787151075e-02 -4.789589262600962155e-02 -3.931563702811777250e-02 -2.729287474412151263e-02 -1.708696925294871452e-02 -1.033566872186769334e-02 -9.143401053056157343e-03
-5.000225694161514180e-06 -1.922209823924432857e-05 -3.249489859810542823e-05 -4.690485324090240120e-05 -6.138893165409871919e-05 -7.595876718928755553e-05 -9.164299998971341837e-05 -1.104007424424345173e-04 -1.338993189708061345e-04 -1.621175002924213750e-04 -1.929924326843687060e-04 -2.239593752478917076e-04 -2.549222240593451163e-04 -2.906066131318000537e-04 -3.402184973932809555e-04 -4.116954634321044943e-04 -5.091258746590793510e-04 -6.172528507752157853e-04 -7.192281864728508655e-04 -8.193682343080218840e-04 -9.296649151644954768e-04 -1.105907365136301126e-03 -1.417483346305566669e-03 -1.905481135137896635e-03 -2.531560947196107546e-03 -3.170177298707771343e-03 -3.693614933067390724e-03 -4.162479827548060639e-03 -5.047694666648563748e-03 -7.305379003688180703e-03 -1.207133317674166824e-02 -1.982931492659964490e-02 -2.926527856763887561e-02 -3.653161349580212602e-02 -3.756538365212433450e-02 -3.304516666685086007e-02 -6.417586907959971221e-02 -1.726010428312749478e-01 -9.630253084697610877e-01 -1.261932109100216914e+00 -1.264676822351373353e+01 1.581665077270296749e+01 -2.278346229424224703e+02 8.620349712686163457e+02 -5.975041480741349915e+03 2.546681180468196180e+04 -6.043114505616694260e+03 8.737262717690442742e+02 -2.360407472357643996e+02 1.534002363264627533e+01 -1.370902229269264971e+01 -1.548461318624352989e+00 -1.107163289089076796e+00 -2.119533941991292580e-01 -7.774014691062225424e-02 -4.144636159350009730e-02 -4.791040249156280906e-02 -4.778343923112512992e-02 -3.920853815012428217e-02 -2.730283252124355090e-02 -1.673005970704521603e-02 -1.249497832183891696e-02
-4.356853688487640558e-06 -1.682551146798687245e-05 -2.875309946753029929e-05 -4.206837540269713923e-05 -5.570205499772339916e-05 -6.915843686966161225e-05 -8.268116938562292226e-05 -9.772332678911716886e-05 -1.163995379121616396e-04 -1.402013981155336307e-04 -1.687372782826685499e-04 -1.996493276997566386e-04 -2.302943633880614777e-04 -2.609639124335423653e-04 -2.961113483032049606e-04 -3.475241417964619302e-04 -4.182436175911370311e-04 -5.082712409824972216e-04 -6.187399546383168421e-04 -7.264287859123650173e-04 -8.262532263857509576e-04 -9.376321226771591050e-04 -1.115046661860425803e-03 -1.429030318255675256e-03 -1.920615401456951098e-03 -2.550745134373262179e-03 -3.192585887149915549e-03 -3.717548994187425734e-03 -4.187030903122543335e-03 -5.075148813511983284e-03 -7.342851023145143853e-03 -1.212962798555623258e-02 -1.991772571412171733e-02 -2.938340509008798354e-02 -3.666289008070990063e-02 -3.768250205145230042e-02 -3.313590005957090662e-02 -6.432600124161215460e-02 -1.730470254234169614e-01 -9.646831794896536527e-01 -1.265140469165185078e+00 -1.265882589553320514e+01 1.581196393251611632e+01 -2.279264437653288837e+02 8.621678498785677220e+02 -5.975785037786782596e+03 2.546682898491605738e+04 -6.042394128876112518e+03 8.736073924815996179e+02 -2.359558615175402281e+02 1.534553027585671181e+01 -1.369816926364108589e+01 -1.545495407314178893e+00 -1.105706424099731189e+00 -2.115500669457720806e-01 -7.759867345584871290e-02 -4.135757143007660203e-02 -4.781105920315725788e-02 -4.766437597544463667e-02 -3.922737546018263688e-02 -2.681117823580920351e-02 -1.967870206553333154e-02
-3.976736285068861863e-06 -1.518603582353631838e-05 -2.561965472336450610e-05 -3.729888935788332562e-05 -4.967340892465648956e-05 -6.240023522703976326e-05 -7.518142524627451084e-05 -8.842170227150806248e-05 -1.034821555801977418e-04 -1.222575867838667136e-04 -1.460633045539578862e-04 -1.744316702715621953e-04 -2.052424106431417620e-04 -2.353912871480550047e-04 -2.674993534768998582e-04 -3.013750305557279718e-04 -3.451161669289996695e-04 -4.178243670854956977e-04 -5.135840084606689950e-04 -6.242999197447380872e-04 -7.333271332602447250e-04 -8.336765412815319576e-04 -9.456206018037499432e-04 -1.124129488355838811e-03 -1.440321838003738499e-03 -1.935279205471988201e-03 -2.569233736234449901e-03 -3.214129895235850760e-03 -3.740542311026725988e-03 -4.210614336308326350e-03 -5.101501810010851401e-03 -7.378756844457837194e-03 -1.218539898532185195e-02 -2.000224932522525617e-02 -2.949633309632850031e-02 -3.678844190572121142e-02 -3.779461260701137693e-02 -3.322287781240387816e-02 -6.446977455392599587e-02 -1.734737440883740711e-01 -9.662687241616907396e-01 -1.268210901992320450e+00 -1.267036136923550060e+01 1.580746411363407233e+01 -2.280143199460500512e+02 8.622949795737487193e+02 -5.976497047812308665e+03 2.546684509140340742e+04 -6.041703850587635316e+03 8.734933860454789283e+02 -2.358744863488784631e+02 1.535079818687856879e+01 -1.368776288413769038e+01 -1.542652339715970600e+00 -1.104309418432188883e+00 -2.111641453611148300e-01 -7.746386307643654545e-02 -4.128248514090045174e-02 -4.769899494632170306e-02 -4.774060822995183223e-02 -3.847293106580055438e-02 -3.146249907862905953e-02
-3.743415637859213170e-06 -1.405418457680485240e-05 -2.310620094928004170e-05 -3.299601992019720616e-05 -4.376528909961839548e-05 -5.557847830661152367e-05 -6.807011414642163451e-05 -8.080985638132185929e-05 -9.397032854237332984e-05 -1.088018606229837032e-04 -1.272377668439485720e-04 -1.509167124712313345e-04 -1.789376281455881137e-04 -2.112878087439520143e-04 -2.402391711964493252e-04 -2.647242576108887655e-04 -2.999747445586922593e-04 -3.486795534867111212e-04 -4.213914924642056092e-04 -5.186691015952463527e-04 -6.304111213571464379e-04 -7.402646137344295147e-04 -8.410975857698242079e-04 -9.535066274931470846e-04 -1.133021400749933136e-03 -1.451286061496895449e-03 -1.949433513427122197e-03 -2.587018755344237201e-03 -3.234822783834586258e-03 -3.762620296413952351e-03 -4.233262052727546944e-03 -5.126798460302097772e-03 -7.413176271713239202e-03 -1.223879352368102691e-02 -2.008312611562754202e-02 -2.960438959897666866e-02 -3.690862748776516794e-02 -3.790202187736987915e-02 -3.330632021435166873e-02 -6.460757832464594785e-02 -1.738824169558540744e-01 -9.677865776093494965e-01 -1.271152116990318159e+00 -1.268140787552814253e+01 1.580314042120002327e+01 -2.280985004227387947e+02 8.624167255537739720e+02 -5.977179476876403896e+03 2.546686021178791634e+04 -6.041041822953630799e+03 8.733839588698165244e+02 -2.357964083053295212e+02 1.535584252435300989e+01 -1.367777616907841676e+01 -1.539924791839050622e+00 -1.102969729437884627e+00 -2.107950533783905234e-01 -7.735051602904415013e-02 -4.118372261039221494e-02 -4.789584378763105804e-02 -4.658096544349575596e-02 -4.593213956876039672e-02
-3.514557207831901630e-06 -1.305705568725341000e-05 -2.104658824827104879e-05 -2.947046828513377465e-05 -3.865859056400919579e-05 -4.919997396136743589e-05 -6.101840632597424805e-05 -7.348076788302046946e-05 -8.596823054212446779e-05 -9.865818938506477605e-05 -1.131556479935057468e-04 -1.310900487384330420e-04 -1.562046895755498570e-04 -1.832013699720304117e-04 -2.084108624554457023e-04 -2.386754127420526541e-04 -2.676571722948147838e-04 -3.024255455417516848e-04 -3.520868986157710853e-04 -4.255640773675458755e-04 -5.238546740155648534e-04 -6.365551590974531139e-04 -7.471243671377959111e-04 -8.483858750086328273e-04 -9.612124782928854663e-04 -1.141667113752320353e-03 -1.461891808003366140e-03 -1.963069710737537412e-03 -2.604112297093073240e-03 -3.254691815915762565e-03 -3.783817936679434186e-03 -4.255012734991689763e-03 -5.151087476512053280e-03 -7.446188548847956952e-03 -1.228995132700676403e-02 -2.016057985597843188e-02 -2.970787704056322351e-02 -3.702377802120102729e-02 -3.800501383627108432e-02 -3.338643268165216588e-02 -6.473977257390381435e-02 -1.742741630997088620e-01 -9.692409878605366957e-01 -1.273972105852017700e+00 -1.269199588270875978e+01 1.579898278192158934e+01 -2.281792136149599344e+02 8.625334227191603986e+02 -5.977834130994486259e+03 2.546687442493974595e+04 -6.040406346402224699e+03 8.732788404920643188e+02 -2.357214309131240668e+02 1.536067712675220065e+01 -1.366818443455189502e+01 -1.537307393912261899e+00 -1.101684454345609687e+00 -2.104637146347284882e-01 -7.720116590727889305e-02 -4.153477186512219421e-02 -4.625998469087666543e-02 -5.750557770650031875e-02
-3.211587353665070425e-06 -1.194513016598530709e-05 -1.922107640437873557e-05 -2.673645254111822574e-05 -3.471346103408460469e-05 -4.381852629851287436e-05 -5.432378673042170277e-05 -6.596517936944539949e-05 -7.803581187418237857e-05 -9.017668431336472079e-05 -1.022516689400992029e-04 -1.179133929607703086e-04 -1.347154107619080623e-04 -1.529809602122671902e-04 -1.813187896601968247e-04 -2.109631472594943860e-04 -2.407811606517232315e-04 -2.704445325032305849e-04 -3.054909585576248807e-04 -3.556528522271556829e-04 -4.298418014019183306e-04 -5.290267212854247655e-04 -6.426067425252498296e-04 -7.538326183070761816e-04 -8.554865442718495149e-04 -9.686999083701263542e-04 -1.150041968527326782e-03 -1.472129172846997755e-03 -1.976194168505746376e-03 -2.620536449875705831e-03 -3.273770668703966397e-03 -3.804174349213022659e-03 -4.275907686782565512e-03 -5.174418364826858033e-03 -7.477870237791089947e-03 -1.233900351650616713e-02 -2.023481801246300449e-02 -2.980707468828102530e-02 -3.713419927409646742e-02 -3.810385136852973559e-02 -3.346340635585375034e-02 -6.486668985443284907e-02 -1.746500111403653521e-01 -9.706358539693167309e-01 -1.276678213818958518e+00 -1.270215337779162823e+01 1.579498186758235967e+01 -2.282566694974872519e+02 8.626453787505463424e+02 -5.978462672092067805e+03 2.546688780200830661e+04 -6.039795854993252760e+03 8.731777813585086960e+02 -2.356493730880459054e+02 1.536531453527002355e+01 -1.365896652799687239e+01 -1.534793820752399451e+00 -1.100477351543811322e+00 -2.100910272748705288e-01 -7.761927107623459166e-02 -3.952782335831019761e-02 -5.997470980306249949e-02
-2.847318963702542790e-06 -1.070196617192343827e-05 -1.748467669368308688e-05 -2.454617253321838619e-05 -3.178053398922975049e-05 -3.960809445620366620e-05 -4.847399143885012043e-05 -5.861558684969079777e-05 -6.998497263561161781e-05 -8.151977502336285933e-05 -9.473392563199141371e-05 -1.056088592428565490e-04 -1.145614674196890982e-04 -1.324675018644663434e-04 -1.549235269961724026e-04 -1.829345731708326758e-04 -2.133672942266982137e-04 -2.434687269991705203e-04 -2.733927065882762932e-04 -3.086921987358063539e-04 -3.592660388369014806e-04 -4.341010598243850256e-04 -5.341119180766020283e-04 -6.485125843677707128e-04 -7.603528881991763718e-04 -8.623739097663919327e-04 -9.759515989841608492e-04 -1.158137017346773162e-03 -1.481999635439362707e-03 -1.988821001240947007e-03 -2.636318030181352117e-03 -3.292095544597211602e-03 -3.823729828748045553e-03 -4.295988513021910260e-03 -5.196839632235019518e-03 -7.508294061057444249e-03 -1.238607233432411324e-02 -2.030603253444136433e-02 -2.990224032177328864e-02 -3.724017351348223731e-02 -3.819877749850655174e-02 -3.353741818627543197e-02 -6.498863629788081964e-02 -1.750109066514737022e-01 -9.719747602365070849e-01 -1.279277203988365308e+00 -1.271190611524283476e+01 1.579112902828829412e+01 -2.283310614207248932e+02 8.627528768329387958e+02 -5.979066632070815103e+03 2.546690040733433489e+04 -6.039208903533874945e+03 8.730805507353114763e+02 -2.355800677300374275e+02 1.536976473792391928e+01 -1.365010054227039582e+01 -1.532405520316371783e+00 -1.099254335709010766e+00 -2.103232371640019194e-01 -7.548906163166099748e-02 -5.385539880079706632e-02
-2.491349733123212869e-06 -9.483184008832565320e-06 -1.581681077438780835e-05 -2.257980722191301262e-05 -2.938246576168186501e-05 -3.630864568084520808e-05 -4.369292861158139606e-05 -5.223855438479407690e-05 -6.187391909392752005e-05 -7.430252418305196616e-05 -8.474836283729282659e-05 -9.156683793999944828e-05 -1.033452375205602751e-04 -1.160987533529214666e-04 -1.335510982490297166e-04 -1.567312094674916791e-04 -1.851092955486547558e-04 -2.159225293513287590e-04 -2.462844996703997171e-04 -2.763975402883225483e-04 -3.119104885403616348e-04 -3.628534830809990890e-04 -4.382871344127581997e-04 -5.390725284338635393e-04 -6.542470964274254511e-04 -7.666684616538325383e-04 -8.690373383960819020e-04 -9.829617443243127660e-04 -1.165952043444184712e-03 -1.491510936280130177e-03 -2.000968301911211413e-03 -2.651485843244105918e-03 -3.309703159458953197e-03 -3.842524319689239430e-03 -4.315295941702805387e-03 -5.218397985686273541e-03 -7.537528657532429482e-03 -1.243127167626066620e-02 -2.037440123465143749e-02 -2.999361220359693381e-02 -3.734196145960500673e-02 -3.829001669796807533e-02 -3.360863162231839119e-02 -6.510589402354419186e-02 -1.753577211907307865e-01 -9.732610092722040473e-01 -1.281775315972075724e+00 -1.272127783556680569e+01 1.578741623688726747e+01 -2.284025677144046540e+02 8.628561780587996282e+02 -5.979647425279060371e+03 2.546691229919625766e+04 -6.038644156277388902e+03 8.729869349402268881e+02 -2.355133615853709159e+02 1.537403978233000146e+01 -1.364159099733862135e+01 -1.530047060731460462e+00 -1.098611506303062813e+00 -2.081968725864917213e-01 -8.831055260785716787e-02
-2.210194532826856301e-06 -8.464875941968990359e-06 -1.428238910377629702e-05 -2.063263335520520772e-05 -2.706669405755028122e-05 -3.342829667157575971e-05 -3.996898781554253312e-05 -4.678241367395281328e-05 -5.625737677256202954e-05 -6.486876408245810131e-05 -7.129145973890233521e-05 -8.260247773151024127e-05 -9.298841198338605703e-05 -1.042241781533703081e-04 -1.175043535964046708e-04 -1.351755147854725157e-04 -1.586944991415461788e-04 -1.874137101672822834e-04 -2.185330624661968504e-04 -2.491178794362461368e-04 -2.793906842641531176e-04 -3.150927427768476221e-04 -3.663764215518668902e-04 -4.423721923116755487e-04 -5.438901049512337915e-04 -6.597993820288466840e-04 -7.727739517981816473e-04 -8.754751621263111988e-04 -9.897317295388002346e-04 -1.173492524229140504e-03 -1.500675067884102345e-03 -2.012656988687962917e-03 -2.666070266266122851e-03 -3.326630970099754125e-03 -3.860598217121086976e-03 -4.333871161205521579e-03 -5.239140232280999759e-03 -7.565641173345160828e-03 -1.247471061949637951e-02 -2.044009257773527280e-02 -3.008141540973627640e-02 -3.743981023609230241e-02 -3.837778431196538914e-02 -3.367720748080985094e-02 -6.521873507305515905e-02 -1.756912736281896481e-01 -9.744976679225465510e-01 -1.284178342932188244e+00 -1.273029050026260656e+01 1.578383597278917527e+01 -2.284713532010576102e+02 8.629555234411335505e+02 -5.980206359686879296e+03 2.546692353024564363e+04 -6.038100377101250160e+03 8.728967329545705525e+02 -2.354491128394463146e+02 1.537810582403163728e+01 -1.363331846882761589e+01 -1.528630027844365191e+00 -1.094539229522395685e+00 -2.291022623251037782e-01
-2.024531604446229800e-06 -7.718255958690291172e-06 -1.295079031374129578e-05 -1.869527998980942692e-05 -2.462352456860998992e-05 -3.071256707374942169e-05 -3.650175164299397515e-05 -4.382827541920496082e-05 -4.959829023208544370e-05 -5.335855564590396216e-05 -6.274810120585519566e-05 -7.256579415594823130e-05 -8.339962373655424662e-05 -9.426451716551481695e-05 -1.056075171713000550e-04 -1.190608346156335240e-04 -1.369353924864750451e-04 -1.607245661081070621e-04 -1.897445473169522489e-04 -2.211360733506486666e-04 -2.519202723243892084e-04 -2.823360401869467085e-04 -3.182115043451172031e-04 -3.698147520567148026e-04 -4.463428197389988656e-04 -5.485573952908445175e-04 -6.651673942533007245e-04 -7.786711151428466317e-04 -8.816916335033420007e-04 -9.962679411808447478e-04 -1.180768152621276736e-03 -1.509507479486744139e-03 -2.023910711318706052e-03 -2.680103829136550302e-03 -3.342918292380943519e-03 -3.877993805796093631e-03 -4.351757438668153385e-03 -5.259115233748464999e-03 -7.592700147246380857e-03 -1.251649814548652130e-02 -2.050327298570712997e-02 -3.016587165966393494e-02 -3.753396454342039501e-02 -3.846229745553791241e-02 -3.374331456136996782e-02 -6.532743690576751916e-02 -1.760123627135115054e-01 -9.756876425557681198e-01 -1.286491760342190815e+00 -1.273896457500104695e+01 1.578038106444260613e+01 -2.285375705342471520e+02 8.630511357691306102e+02 -5.980744647068650920e+03 2.546693414712186859e+04 -6.037576428079913057e+03 8.728097534371300981e+02 -2.353873045234705614e+02 1.538218516671017966e+01 -1.362753457203074525e+01 -1.518770564237456488e+00 -1.148499431697704631e+00
-1.905350093939666712e-06 -7.180927245028540543e-06 -1.184260537551510237e-05 -1.686640476361847001e-05 -2.225720827078501472e-05 -2.767855689494291211e-05 -3.449048049986289707e-05 -3.927973451120644281e-05 -4.118281950758310463e-05 -4.756074927279633992e-05 -5.444003184002267761e-05 -6.337569087469014815e-05 -7.368474914698937815e-05 -8.465870564058047408e-05 -9.567283066807662911e-05 -1.071172095342386312e-04 -1.206887485284210433e-04 -1.387361530297653812e-04 -1.627650614633434660e-04 -1.920594743739155409e-04 -2.237018157752027655e-04 -2.546703859669897322e-04 -2.852187563095690687e-04 -3.212572176951561495e-04 -3.731640167989724172e-04 -4.501999195362770142e-04 -5.530807823120120021e-04 -6.703624939769476472e-04 -7.843751958637692383e-04 -8.877048599061979073e-04 -1.002591421746387755e-03 -1.187804766357974029e-03 -1.518042126640714237e-03 -2.034774776307196956e-03 -2.693644257184014783e-03 -3.358633099432454649e-03 -3.894785413356893853e-03 -4.369034371989469548e-03 -5.278415330353540373e-03 -7.618829658526688614e-03 -1.255681630871049136e-02 -2.056420274742198212e-02 -3.024731634633243821e-02 -3.762479931935412691e-02 -3.854392299688456230e-02 -3.380731404004948260e-02 -6.543256212149685391e-02 -1.763222390623866154e-01 -9.768344522610635794e-01 -1.288721831197183976e+00 -1.274732043768125145e+01 1.577704343820667177e+01 -2.286013623519681346e+02 8.631432186128662352e+02 -5.981263418881115285e+03 2.546694414789576331e+04 -6.037071299779871879e+03 8.727252239394714479e+02 -2.353269664831563261e+02 1.537523283025314669e+01 -1.358128815272626433e+01 -1.792647188298768013e+00
-1.801018395430145477e-06 -6.725434714943492581e-06 -1.089551021639846284e-05 -1.536142164040524231e-05 -1.984863132329719190e-05 -2.589816990668774031e-05 -3.041404749610409952e-05 -3.218363807297867679e-05 -3.746059339907416492e-05 -4.219219205890609024e-05 -4.806784992451561966e-05 -5.535895238886088469e-05 -6.442701231165204876e-05 -7.491744035197936901e-05 -8.602630213001528036e-05 -9.714052535119876346e-05 -1.086639447184812863e-04 -1.223332257931943588e-04 -1.405347989049488889e-04 -1.647841297013475487e-04 -1.943343245695769168e-04 -2.262119356295056545e-04 -2.573541003776004402e-04 -2.880279751734560363e-04 -3.242219208595422363e-04 -3.764192259522015178e-04 -4.539416070135206889e-04 -5.574612801890740715e-04 -6.753879264767552893e-04 -7.898908561745608421e-04 -8.935205901648935953e-04 -1.008709695157777256e-03 -1.194613326715327937e-03 -1.526295216076428663e-03 -2.045271336628390509e-03 -2.706718458226205996e-03 -3.373804627328193511e-03 -3.911003343183882056e-03 -4.385736404072628977e-03 -5.297088269472479197e-03 -7.644104038947793431e-03 -1.259577703251090613e-02 -2.062303187322266779e-02 -3.032592345036482298e-02 -3.771249108271329531e-02 -3.862283752134199055e-02 -3.386943976471508411e-02 -6.553461077743791274e-02 -1.766220233565181652e-01 -9.779410366501756213e-01 -1.290873363211975766e+00 -1.275537509271623016e+01 1.577381797509117689e+01 -2.286628615625067198e+02 8.632319557634840521e+02 -5.981763777193469650e+03 2.546695355370559628e+04 -6.036584843747437844e+03 8.726451650020887882e+02 -2.352861114524087327e+02 1.543913632847644557e+01 -1.400453212308729078e+01
-1.676506445279382532e-06 -6.232317849190619131e-06 -1.011508387734747134e-05 -1.390733539884780512e-05 -1.886581277831921309e-05 -2.250829748124888517e-05 -2.390496988579015019e-05 -2.882594903546758220e-05 -3.319692867339911165e-05 -3.797886385338093267e-05 -4.303863465686226454e-05 -4.897472015281196573e-05 -5.639679533449379350e-05 -6.559790566633595535e-05 -7.622580978076614710e-05 -8.745090944766002749e-05 -9.865143941246294656e-05 -1.102463360874626167e-04 -1.240081854972396619e-04 -1.423585996643018383e-04 -1.668215898173585222e-04 -1.966203829686183227e-04 -2.287284477427857282e-04 -2.600445740879493445e-04 -2.908501504940458771e-04 -3.272088829305755506e-04 -3.797039667268987885e-04 -4.577136753398772283e-04 -5.618667211904122437e-04 -6.804330583004439357e-04 -7.954316434630706763e-04 -8.993855200293535048e-04 -1.014917897123254970e-03 -1.201554331689412775e-03 -1.534703628645743209e-03 -2.055914001268864619e-03 -2.719911172100477736e-03 -3.389094152539131547e-03 -3.927424550314880143e-03 -4.402841569011529087e-03 -5.316429122325163140e-03 -7.670233385375804444e-03 -1.263552868730643923e-02 -2.068228712353845783e-02 -3.040456132621517996e-02 -3.780048103707231433e-02 -3.870385985233686793e-02 -3.393741007017939126e-02 -6.564615529432829555e-02 -1.769305013696437223e-01 -9.790323637933273648e-01 -1.292974152306327618e+00 -1.276316574434712514e+01 1.577065926648632121e+01 -2.287222947126706458e+02 8.633169513336814589e+02 -5.982247448745682959e+03 2.546695492983832810e+04 -6.036106910597254682e+03 8.724356002848966227e+02 -2.347596199680641575e+02 1.207631140407607084e+01
-1.515937573671421833e-06 -5.733118004613419448e-06 -9.162840907891287896e-06 -1.357579181255523862e-05 -1.652454489705253770e-05 -1.719521412828586317e-05 -2.109889748786121695e-05 -2.484486926666864699e-05 -2.931372355992038244e-05 -3.398812641849186590e-05 -3.880071160093796610e-05 -4.392800132494873317e-05 -4.992386137139140590e-05 -5.743091196434203945e-05 -6.673876921803721814e-05 -7.747918737506383723e-05 -8.879983712750479552e-05 -1.000681525681536315e-04 -1.117161177161517802e-04 -1.255498337240114597e-04 -1.440248738765379476e-04 -1.686744178292284694e-04 -1.986936664820282341e-04 -2.310042969159404691e-04 -2.624656973714728264e-04 -2.933697780416084921e-04 -3.298510347014115950e-04 -3.825901745855846852e-04 -4.610237713648620878e-04 -5.657417596601013472e-04 -6.848775639967337242e-04 -8.002961208973681084e-04 -9.044805514243766872e-04 -1.020228126631619230e-03 -1.207424165922949769e-03 -1.541826820198541077e-03 -2.065034486519360269e-03 -2.731336679875629326e-03 -3.402348154432891306e-03 -3.941453985780170310e-03 -4.417007097926550253e-03 -5.331997656539286257e-03 -7.691457422831804794e-03 -1.266903296872690099e-02 -2.073386577323446320e-02 -3.047394979470912507e-02 -3.787699907378234282e-02 -3.876939205101528202e-02 -3.398249526551440358e-02 -6.572199716417055637e-02 -1.771846002394852626e-01 -9.800345559528832462e-01 -1.294951644819130054e+00 -1.277062070024741125e+01 1.576774518637544098e+01 -2.287790358202678362e+02 8.634003318912599525e+02 -5.982707008454987772e+03 2.546695716086090397e+04 -6.035538967938696260e+03 8.719536528854466724e+02 -2.318004443824503937e+02
-1.392887001463480971e-06 -5.083954847996802083e-06 -9.055535397509657529e-06 -1.190057178908530223e-05 -1.242966402578236031e-05 -1.549983952313243078e-05 -1.823966176599415171e-05 -2.173135714849634689e-05 -2.578530149773086924e-05 -3.033484186139424703e-05 -3.512599618216400121e-05 -4.003157333899482091e-05 -4.525413769781554954e-05 -5.135927588396211295e-05 -5.900169802401755394e-05 -6.847171264499870614e-05 -7.939117744083990695e-05 -9.089446145145273345e-05 -1.023432783080234157e-04 -1.141786278154689543e-04 -1.282282088107372349e-04 -1.469706359112261940e-04 -1.719502486458227681e-04 -2.023552074331432904e-04 -2.350881465206239990e-04 -2.669937967160522182e-04 -2.983707491978043313e-04 -3.353879187314940725e-04 -3.887784459901887871e-04 -4.680277118708663282e-04 -5.737498588971421277e-04 -6.940717369496671868e-04 -8.108368447660840167e-04 -9.165258253535922854e-04 -1.033989606862470347e-03 -1.223245515467413520e-03 -1.560257412310789250e-03 -2.086869477383521479e-03 -2.757603913200422363e-03 -3.434243633190971028e-03 -3.980262190710186394e-03 -4.464105615679747965e-03 -5.389128587048529553e-03 -7.761494864146337679e-03 -1.275737122266463325e-02 -2.085015587393852440e-02 -3.063324958149966568e-02 -3.809877323315475489e-02 -3.907416895519547767e-02 -3.438716547109438998e-02 -6.625919534363530761e-02 -1.779276260854184277e-01 -9.814593018911580424e-01 -1.297613760659277249e+00 -1.277974166652955823e+01 1.575490719908174242e+01 -2.288492469228334016e+02 8.633533982371619686e+02 -5.983035813233181216e+03 2.546479102884379972e+04 -6.027304495316207976e+03 8.161444161968454409e+02
-1.135240285617097881e-06 -4.988210190519892582e-06 -7.491706051468497969e-06 -8.101075925928234660e-06 -1.076774236849190570e-05 -1.293553788803689874e-05 -1.546277413341019569e-05 -1.830755361193155860e-05 -2.170918302800442943e-05 -2.570973804447887519e-05 -3.016852414363502578e-05 -3.483290682615601736e-05 -3.957583442004037352e-05 -4.462038104427446493e-05 -5.055490358927562498e-05 -5.803986773472199882e-05 -6.734202121314596557e-05 -7.803905718009861723e-05 -8.922892680953030593e-05 -1.002748051796168376e-04 -1.116638006820849425e-04 -1.252840987592824108e-04 -1.436348136282055408e-04 -1.682000778386950662e-04 -1.980395969036292047e-04 -2.299337930133156136e-04 -2.607076641862582345e-04 -2.907859605228073981e-04 -3.265400699939024392e-04 -3.788094994442921010e-04 -4.569158185711968945e-04 -5.610119061146897224e-04 -6.786791710353574925e-04 -7.915193285493375523e-04 -8.923852027313643447e-04 -1.005020465552994291e-03 -1.190191244409145649e-03 -1.523461186938308842e-03 -2.044459588323005970e-03 -2.704183049573470523e-03 -3.361611062188261945e-03 -3.880901859044526021e-03 -4.336029927285217286e-03 -5.237987020019779609e-03 -7.594531298970415116e-03 -1.256622914873804786e-02 -2.058704181937406202e-02 -3.019606035590457344e-02 -3.734968926237203918e-02 -3.791261071219719642e-02 -3.286939156808652701e-02 -6.467418008605473057e-02 -1.766611156146551120e-01 -9.798454509487090069e-01 -1.292841751900823510e+00 -1.275179125249418455e+01 1.580457835938054956e+01 -2.284565382580909159e+02 8.630022665642529773e+02 -5.975814742467295218e+03 2.543734924135413530e+04 -5.830610290284228540e+03
-1.585669091426658670e-06 -4.738936438811117796e-06 -5.781474937735102278e-06 -8.631380465355598653e-06 -1.123522606283505030e-05 -1.416759658852203107e-05 -1.720066869810593256e-05 -2.045498083682199399e-05 -2.412778020817006795e-05 -2.846480198411873981e-05 -3.357760024572968089e-05 -3.933954948208854348e-05 -4.545607056226409363e-05 -5.172400195160536235e-05 -5.832485194502474610e-05 -6.590761159942022836e-05 -7.530516718562176297e-05 -8.698836847041099038e-05 -1.006345885974881582e-04 -1.152407307797226251e-04 -1.299122294206181763e-04 -1.449271777170118051e-04 -1.622716722211013662e-04 -1.849622457471061451e-04 -2.152300534400571866e-04 -2.526548320776002862e-04 -2.938657730001713927e-04 -3.348261552540727636e-04 -3.749823674773564283e-04 -4.206342851159534956e-04 -4.842482032359303663e-04 -5.782408786734169514e-04 -7.057575293401235992e-04 -8.550191665524093905e-04 -1.004611771910046171e-03 -1.142129888943270314e-03 -1.288452184378979792e-03 -1.509758187150925550e-03 -1.898043714993052477e-03 -2.515373698039208902e-03 -3.327441376319215799e-03 -4.184150176308898232e-03 -4.912609816230652585e-03 -5.545123038904991100e-03 -6.602283114946951720e-03 -9.221138776674563456e-03 -1.484078035562870490e-02 -2.424408621148534462e-02 -3.615475593432115886e-02 -4.620954106694384611e-02 -4.920648278017854260e-02 -4.487476720050707912e-02 -7.565855155942641241e-02 -1.952853825412499134e-01 -1.028202519006919058e+00 -1.544280734131651567e+00 -1.313359068337016211e+01 1.261440578471357199e+01 -2.254491413922307288e+02 8.083774657712426688e+02 -5.780131664751111202e+03 2.403517486680817819e+04
