1.015000000000000000e+02 2.156228084699076902e-07
3.015000000000000000e+02 4.859327085756522339e-08
5.015000000000000000e+02 2.776169266725489775e-08
7.015000000000000000e+02 7.436391010755218332e-09
9.015000000000000000e+02 1.513070396272560369e-08
1.101500000000000000e+03 6.296793612464335116e-09
1.301500000000000000e+03 4.264192607812926375e-09
1.501500000000000000e+03 5.992392623970660409e-09
1.701500000000000000e+03 3.658441885576145829e-09
1.901500000000000000e+03 2.633903044314637841e-09
2.101500000000000000e+03 2.564652009841044310e-09
2.301500000000000000e+03 1.762892801694744144e-09
2.501500000000000000e+03 1.650016093321714780e-09
2.701500000000000000e+03 1.802367123618742344e-09
2.901500000000000000e+03 9.959084586927412260e-10
3.101500000000000000e+03 9.134557604378641282e-10
3.301500000000000000e+03 1.384482192255518039e-09
3.501500000000000000e+03 1.186829943157282499e-09
3.701500000000000000e+03 7.107492374666967947e-10
3.901500000000000000e+03 1.040463134273919625e-09
4.101500000000000000e+03 6.233761922094164327e-10
4.301500000000000000e+03 7.730834018699918359e-10
4.501500000000000000e+03 6.422472273176092964e-10
4.701500000000000000e+03 6.216513195079733321e-10
4.901500000000000000e+03 5.462358530228316544e-10
5.101500000000000000e+03 4.555360923714912114e-10
5.301500000000000000e+03 4.684337420654396088e-10
5.501500000000000000e+03 4.541595791662811986e-10
5.701500000000000000e+03 5.619302385139622502e-10
5.901500000000000000e+03 2.703533351763151712e-10
6.101500000000000000e+03 4.829354620179718616e-10
