1.015000000000000000e+02 5.396908354490959764e-03
3.015000000000000000e+02 5.496468139162291947e-03
5.015000000000000000e+02 1.133518745698493868e+00
7.015000000000000000e+02 6.087769482365819051e-01
9.015000000000000000e+02 1.876988759496428516e+00
1.101500000000000000e+03 1.396724286380963020e+00
1.301500000000000000e+03 2.727035137188699832e+00
1.501500000000000000e+03 7.166703183864771010e-01
1.701500000000000000e+03 1.797304295823291875e+00
1.901500000000000000e+03 1.882509981579763458e+00
2.101500000000000000e+03 1.583365639242972023e+00
2.301500000000000000e+03 2.307927106126439920e+00
2.501500000000000000e+03 2.090840660242118787e+00
2.701500000000000000e+03 2.244013438551812012e+00
2.901500000000000000e+03 2.162342253168279438e+00
3.101500000000000000e+03 2.549515995903633758e+00
3.301500000000000000e+03 1.986825642851326235e+00
3.501500000000000000e+03 3.224491773313794774e+00
3.701500000000000000e+03 2.018804948956077094e+00
3.901500000000000000e+03 2.344721447059276986e+00
4.101500000000000000e+03 2.169737594460861452e+00
4.301500000000000000e+03 2.689026045829250755e+00
4.501500000000000000e+03 2.108875310427200223e+00
4.701500000000000000e+03 2.320916033848328563e+00
4.901500000000000000e+03 2.926808228750660490e+00
5.101500000000000000e+03 2.656668210420123355e+00
5.301500000000000000e+03 1.672270352484936717e+00
5.501500000000000000e+03 2.470651558344717724e+00
5.701500000000000000e+03 1.918264922837573661e+00
5.901500000000000000e+03 2.153688050847800461e+00
6.101500000000000000e+03 2.375101779735870888e+00
6.301500000000000000e+03 2.029619173179162850e+00
6.501500000000000000e+03 2.119077678307531354e+00
6.701500000000000000e+03 2.367779910980308600e+00
6.901500000000000000e+03 2.013464064240759299e+00
7.101500000000000000e+03 2.151681464299531665e+00
7.301500000000000000e+03 1.902174792428126482e+00
7.501500000000000000e+03 2.303033404910885373e+00
7.701500000000000000e+03 2.337934191101950887e+00
7.901500000000000000e+03 2.579443992229343952e+00
8.101500000000000000e+03 2.236746003130675842e+00
8.301500000000000000e+03 2.611643581398433334e+00
8.501500000000000000e+03 1.850159774417371006e+00
8.701500000000000000e+03 2.138044243770245156e+00
8.901500000000000000e+03 2.376359546312289961e+00
9.101500000000000000e+03 2.110505189663608228e+00
9.301500000000000000e+03 2.343194745927728029e+00
9.501500000000000000e+03 2.560641524357249121e+00
9.701500000000000000e+03 1.983067624631186465e+00
9.901500000000000000e+03 2.469854399183556648e+00
1.010150000000000000e+04 2.216116277364787113e+00
1.030150000000000000e+04 2.548990502644971290e+00
1.050150000000000000e+04 2.226960242248512412e+00
1.070150000000000000e+04 2.265293929191035893e+00
1.090150000000000000e+04 2.171453056775830781e+00
1.110150000000000000e+04 2.225789631028182392e+00
1.130150000000000000e+04 2.126926984596356096e+00
1.150150000000000000e+04 2.424953327823474947e+00
1.170150000000000000e+04 2.652199385244366159e+00
1.190150000000000000e+04 2.596893294076643599e+00
1.210150000000000000e+04 2.281538693822618313e+00
1.230150000000000000e+04 2.881520838320203115e+00
