1.015000000000000000e+02 7.521719282352327357e-06
3.015000000000000000e+02 3.134294490118003044e-06
5.015000000000000000e+02 2.830186206550398879e-05
7.015000000000000000e+02 7.032447370807769892e-06
9.015000000000000000e+02 1.511414449721514193e-05
1.101500000000000000e+03 6.845954396208782960e-06
1.301500000000000000e+03 1.024185382805018919e-05
1.501500000000000000e+03 1.821585539037066597e-06
1.701500000000000000e+03 3.964612839349393260e-06
1.901500000000000000e+03 3.231009703314430283e-06
2.101500000000000000e+03 2.271097002025632148e-06
2.301500000000000000e+03 2.713361100641279815e-06
2.501500000000000000e+03 2.106379967896412988e-06
2.701500000000000000e+03 1.931426730720947462e-06
2.901500000000000000e+03 1.615284459396887741e-06
3.101500000000000000e+03 1.663873526872475873e-06
3.301500000000000000e+03 1.143811786126933753e-06
3.501500000000000000e+03 1.655617772397345871e-06
3.701500000000000000e+03 9.136558896433772225e-07
3.901500000000000000e+03 9.744003475439273206e-07
4.101500000000000000e+03 8.082861143387372428e-07
4.301500000000000000e+03 9.144131952583160278e-07
4.501500000000000000e+03 6.463379520682197010e-07
4.701500000000000000e+03 6.672233633137416241e-07
4.901500000000000000e+03 7.607525719214393804e-07
5.101500000000000000e+03 6.424066951258562004e-07
5.301500000000000000e+03 3.729514376755896531e-07
5.501500000000000000e+03 5.122133279075893481e-07
5.701500000000000000e+03 3.701155178091854226e-07
5.901500000000000000e+03 3.891260562601443366e-07
6.101500000000000000e+03 4.015055982475392574e-07
6.301500000000000000e+03 3.197703108064003237e-07
6.501500000000000000e+03 3.151707295006326626e-07
6.701500000000000000e+03 3.314736781490917126e-07
6.901500000000000000e+03 2.652941176877285697e-07
7.101500000000000000e+03 2.683666580467250509e-07
7.301500000000000000e+03 2.240589022724607173e-07
7.501500000000000000e+03 2.569544831890404336e-07
7.701500000000000000e+03 2.477227672505779447e-07
7.901500000000000000e+03 2.593901059849703625e-07
8.101500000000000000e+03 2.143164248852601540e-07
8.301500000000000000e+03 2.379067388300618646e-07
8.501500000000000000e+03 1.605798373614874471e-07
8.701500000000000000e+03 1.774222710111578749e-07
8.901500000000000000e+03 1.885042805660866389e-07
9.101500000000000000e+03 1.600071238452889404e-07
9.301500000000000000e+03 1.700463855438567537e-07
9.501500000000000000e+03 1.782799059213141684e-07
9.701500000000000000e+03 1.322258207808558690e-07
9.901500000000000000e+03 1.584100814823986867e-07
1.010150000000000000e+04 1.364726856451461939e-07
1.030150000000000000e+04 1.508190850950478031e-07
1.050150000000000000e+04 1.269459536274028020e-07
1.070150000000000000e+04 1.240688802822777652e-07
1.090150000000000000e+04 1.149174797296038859e-07
1.110150000000000000e+04 1.133474466253256127e-07
1.130150000000000000e+04 1.047391815575152104e-07
1.150150000000000000e+04 1.151503556506609443e-07
1.170150000000000000e+04 1.217172763402262673e-07
1.190150000000000000e+04 1.150719662299015192e-07
1.210150000000000000e+04 9.805676827630335972e-08
1.230150000000000000e+04 1.192708816594404825e-07
