# ells, tt, ee, bb, te
1.015000000000000000e+02 7.278052569998690657e+00 4.077937995648703577e-04 1.168941115556560253e-04 -7.587325427644645189e-03
3.015000000000000000e+02 6.198843460193759203e-02 6.005927506031671307e-04 -4.967153265578586863e-06 5.226700573118549936e-03
5.015000000000000000e+02 5.349994463950212553e-02 3.527971682628283840e-04 2.345240836890651667e-06 -1.071522379224443614e-03
7.015000000000000000e+02 2.479967392793433825e-02 3.814161033883737987e-04 8.655183234794031669e-07 -7.716912630914680125e-04
9.015000000000000000e+02 1.422679408547545925e-02 1.832299166874786682e-04 6.207801330371458724e-07 8.822921892022424575e-05
1.101500000000000000e+03 5.483877958849634957e-03 1.238366249627135228e-04 4.717742978299923568e-07 -2.546709364589919752e-04
1.301500000000000000e+03 2.827460429906253781e-03 9.011760264530288740e-05 2.824635133279477985e-07 -9.269940438870534374e-05
1.501500000000000000e+03 1.755688202980929414e-03 3.894154714377576042e-05 1.952788394208366031e-07 -3.607163886243307618e-05
1.701500000000000000e+03 7.832255894768800925e-04 2.941096925247741316e-05 1.305477758896394091e-07 -4.504349496650895723e-05
1.901500000000000000e+03 4.382349540037712909e-04 1.605273515500098023e-05 8.573731357870611060e-08 -1.648583688252220380e-05
2.101500000000000000e+03 2.648425226691754602e-04 7.810895774337552118e-06 5.861754055883170233e-08 -1.232849568025954974e-05
2.301500000000000000e+03 1.285611748923088781e-04 5.515467255746740306e-06 3.988238311689894331e-08 -7.195607078707149511e-06
2.501500000000000000e+03 7.515707812346421248e-05 2.634684214267858147e-06 2.764551861502663606e-08 -3.434661136467091624e-06
2.701500000000000000e+03 4.389952552836759605e-05 1.503493801047196619e-06 1.953205618328108884e-08 -2.533819151671974853e-06
2.901500000000000000e+03 2.301426514252970053e-05 9.155228913414444736e-07 1.400674237901543692e-08 -1.157624364133520782e-06
3.101500000000000000e+03 1.359127153878369403e-05 4.589296351274772874e-07 1.024150378243361099e-08 -6.865568122099886305e-07
3.301500000000000000e+03 7.935774863873285337e-06 2.733802561777382759e-07 7.621355563494340855e-09 -4.330993772315119421e-07
3.501500000000000000e+03 4.485226847395918803e-06 1.546738702933231991e-07 5.776460007941288871e-09 -2.035625979384264275e-07
3.701500000000000000e+03 2.694006480304084150e-06 8.595162526139623750e-08 4.458616059142770687e-09 -1.275361132484660483e-07
3.901500000000000000e+03 1.654545244327571578e-06 5.077141232619369571e-08 3.500730362072217424e-09 -7.385249486686856345e-08
4.101500000000000000e+03 1.024056033159814929e-06 2.964003366858876108e-08 2.792781503778971329e-09 -3.968551592659957914e-08
4.301500000000000000e+03 6.599211689335359199e-07 1.792081215388800131e-08 2.260141377578827416e-09 -2.466572694016134385e-08
4.501500000000000000e+03 4.482744572165473590e-07 1.105575567236670624e-08 1.853091917042624511e-09 -1.492961238411933418e-08
4.701500000000000000e+03 3.133447180163816574e-07 7.090007221275962105e-09 1.537880835722511003e-09 -9.226769765626792452e-09
4.901500000000000000e+03 2.277472695762383710e-07 4.734393382761309611e-09 1.290133844119101488e-09 -6.089477561023763223e-09
5.101500000000000000e+03 1.736442413129353599e-07 3.265917151483060134e-09 1.092265709501250944e-09 -4.185543557509725762e-09
5.301500000000000000e+03 1.361382820570538514e-07 2.360801967300563737e-09 9.318711875530421036e-10 -2.974960168229869849e-09
5.501500000000000000e+03 1.094574429711826993e-07 1.770782267199123370e-09 8.004521137959329189e-10 -2.213139365339013393e-09
5.701500000000000000e+03 9.026415990871619054e-08 1.370472835121615855e-09 6.919460906382937425e-10 -1.714905188682200061e-09
5.901500000000000000e+03 7.579443830525523993e-08 1.093176195276770342e-09 6.019133239894192469e-10 -1.360615136585593091e-09
6.101500000000000000e+03 6.450051493876918327e-08 8.928165702841087748e-10 5.267706046611739359e-10 -1.108380519059397925e-09
6.301500000000000000e+03 5.554705719573769652e-08 7.428041335256908418e-10 4.635323626966709580e-10 -9.230750120340847747e-10
6.501500000000000000e+03 4.825124411616398247e-08 6.277904414928133229e-10 4.097067092591593111e-10 -7.790376336490872333e-10
6.701500000000000000e+03 4.220577828884843539e-08 5.372327296493676265e-10 3.635469788690883753e-10 -6.653238715156710645e-10
6.901500000000000000e+03 3.718940900512729329e-08 4.641797246484188323e-10 3.237891949194791449e-10 -5.746887752458115359e-10
7.101500000000000000e+03 3.288641762926741188e-08 4.043454603061327669e-10 2.893277223926056010e-10 -5.007315841050080673e-10
7.301500000000000000e+03 2.924584726621365759e-08 3.546584791995230471e-10 2.593041862732583384e-10 -4.382963741821479774e-10
7.501500000000000000e+03 2.610102696458821791e-08 3.127750912730765359e-10 2.330634964260663317e-10 -3.858908184217453170e-10
7.701500000000000000e+03 2.338785148861570649e-08 2.773012297572801479e-10 2.101615091183178079e-10 -3.422885169967762751e-10
7.901500000000000000e+03 2.103499355069086110e-08 2.468749145433458664e-10 1.900889702407372425e-10 -3.044428873481909806e-10
8.101500000000000000e+03 1.897691027167036897e-08 2.208678732000774535e-10 1.724446913825951263e-10 -2.716905868854532991e-10
8.301500000000000000e+03 1.718397994901450656e-08 1.981982610735113300e-10 1.568726708136506005e-10 -2.435796993512059096e-10
8.501500000000000000e+03 1.560854013468094510e-08 1.785273798694886475e-10 1.430370392549360126e-10 -2.194168848226895528e-10
8.701500000000000000e+03 1.420282323624448166e-08 1.612869431545619471e-10 1.306372573584336580e-10 -1.976507685075376170e-10
8.901500000000000000e+03 1.296259357209827596e-08 1.461211543428390305e-10 1.194944756806941614e-10 -1.786918489758872522e-10
9.101500000000000000e+03 1.183468544145956159e-08 1.326868381081449791e-10 1.095127793761346376e-10 -1.622555300194575710e-10
9.301500000000000000e+03 1.085972328971231546e-08 1.208190902500972640e-10 1.005932156982685722e-10 -1.475833960268897982e-10
9.501500000000000000e+03 9.969800854513980339e-09 1.103306703529997990e-10 9.262620697282238206e-11 -1.343942739411310673e-10
9.701500000000000000e+03 9.190318332923734362e-09 1.010166350317329941e-10 8.550517484160610278e-11 -1.229572268911361973e-10
9.901500000000000000e+03 8.475466354753701483e-09 9.271878985603318568e-11 7.910301616893796542e-11 -1.129748168815152764e-10
1.010150000000000000e+04 7.832388236944456955e-09 8.535180184023332274e-11 7.330597315063063505e-11 -1.037937288769164539e-10
1.030150000000000000e+04 7.260512827833672889e-09 7.873682474531065015e-11 6.805128011774520767e-11 -9.551498723862053119e-11
1.050150000000000000e+04 6.724640548038588735e-09 7.276324574057407390e-11 6.328452784583726680e-11 -8.845378527576433162e-11
1.070150000000000000e+04 6.255849474813122012e-09 6.737846131135130058e-11 5.892896006459377567e-11 -8.185722318240205748e-11
1.090150000000000000e+04 5.815645834721860134e-09 6.247994621819196509e-11 5.491420945474159254e-11 -7.565245934360704877e-11
1.110150000000000000e+04 5.421547838387899900e-09 5.801316887451205698e-11 5.120747044288139549e-11 -7.027067326228831019e-11
1.130150000000000000e+04 5.047839724009780154e-09 5.390410042731113005e-11 4.778935898029880880e-11 -6.536328629228594115e-11
1.150150000000000000e+04 4.712681032587746185e-09 5.018384743258136416e-11 4.465089307002927293e-11 -6.067102529090992114e-11
1.170150000000000000e+04 4.407377584608976039e-09 4.676223326856355844e-11 4.178802157954538129e-11 -5.647901575002164621e-11
1.190150000000000000e+04 4.127337008242855024e-09 4.362949184918863071e-11 3.917293138457220711e-11 -5.276332678880720110e-11
1.210150000000000000e+04 3.874208872323562475e-09 4.078281458084670704e-11 3.675667569294897795e-11 -4.921848787051179496e-11
1.230150000000000000e+04 3.627598710965889296e-09 3.816294788500145720e-11 3.451024506431424081e-11 -4.600639206854327068e-11
1.250150000000000000e+04 3.408562315527687193e-09 3.575549377380600528e-11 3.242904556469536572e-11 -4.313889178265708490e-11
1.270150000000000000e+04 3.199691838123410570e-09 3.353980961719210369e-11 3.051680844823846013e-11 -4.045528757928964838e-11
1.290150000000000000e+04 3.015894601609120063e-09 3.151069279863357730e-11 2.876068048179694840e-11 -3.795827048946469558e-11
1.310150000000000000e+04 2.840746959422671608e-09 2.963046200452853000e-11 2.713553745782711925e-11 -3.570062338582215151e-11
1.330150000000000000e+04 2.678479159137486388e-09 2.788789433997146048e-11 2.560996232281063325e-11 -3.362563616067092787e-11
1.350150000000000000e+04 2.526268546025374985e-09 2.627256489088451255e-11 2.416786012309385643e-11 -3.164494221738862563e-11
1.370150000000000000e+04 2.379549843991627697e-09 2.477098164152876103e-11 2.281805653439079431e-11 -2.981458979906570432e-11
1.390150000000000000e+04 2.250604040280561330e-09 2.336715570017845322e-11 2.156995117545690870e-11 -2.816288888681818864e-11
1.410150000000000000e+04 2.124749590503758124e-09 2.207336338942066441e-11 2.042360498679337893e-11 -2.661699561515040913e-11
1.430150000000000000e+04 2.016598419598879687e-09 2.087163674666741639e-11 1.936288865549952013e-11 -2.509663026907874393e-11
1.450150000000000000e+04 1.909497007366714144e-09 1.974891910206827072e-11 1.837405519409769012e-11 -2.377166376293156478e-11
1.470150000000000000e+04 1.809498954423935503e-09 1.869581959861589214e-11 1.743750362710659884e-11 -2.253490725329439803e-11
1.490150000000000000e+04 1.718332072517003606e-09 1.771157566304812415e-11 1.654558316350114994e-11 -2.127466667034053156e-11
1.510150000000000000e+04 1.628282012980541381e-09 1.677823013044138891e-11 1.569975904691539785e-11 -2.014483576471562952e-11
1.530150000000000000e+04 1.548821837124182689e-09 1.590275175044003269e-11 1.490366683482186932e-11 -1.912581881113240620e-11
1.550150000000000000e+04 1.468649933021502375e-09 1.508241771396839963e-11 1.415966323350857498e-11 -1.809502216822228625e-11
1.570150000000000000e+04 1.399950243556472911e-09 1.432321276067137013e-11 1.346919287622372802e-11 -1.716351290459059461e-11
1.590150000000000000e+04 1.330292963133511241e-09 1.360873878159441161e-11 1.283302601303388452e-11 -1.633681679373789342e-11
1.610150000000000000e+04 1.270453216421289690e-09 1.295005587316274007e-11 1.224047913732909216e-11 -1.552384178951971499e-11
1.630150000000000000e+04 1.210644606001082524e-09 1.233511997188456078e-11 1.168253845735130469e-11 -1.477557874228057444e-11
1.650150000000000000e+04 1.153723337367036974e-09 1.175264718354065476e-11 1.115117798135513392e-11 -1.409682902960069058e-11
1.670150000000000000e+04 1.102557759409560045e-09 1.120740547270737524e-11 1.064432520645822778e-11 -1.342972240453373051e-11
1.690150000000000000e+04 1.049173386000003345e-09 1.068960496951105529e-11 1.016311037745038212e-11 -1.281385857242665977e-11
1.710150000000000000e+04 1.004713400867426037e-09 1.020138746097495215e-11 9.707760779666691563e-12 -1.223486420808381907e-11
1.730150000000000000e+04 9.570668786513682890e-10 9.738611035479973280e-12 9.280179449131364462e-12 -1.167580987344586257e-11
1.750150000000000000e+04 9.170665077518461198e-10 9.305754484911687412e-12 8.877214290371256136e-12 -1.115923209309966690e-11
1.770150000000000000e+04 8.757408793079369712e-10 8.892542765456729606e-12 8.496991957231224266e-12 -1.067312860894840289e-11
1.790150000000000000e+04 8.386668644545344120e-10 8.505655667134312349e-12 8.135958313290228736e-12 -1.020012977602323125e-11
1.810150000000000000e+04 8.030418653179873405e-10 8.139314903288473470e-12 7.793733568362803533e-12 -9.761270090272125093e-12
1.830150000000000000e+04 7.676954962526040861e-10 7.788324627381617291e-12 7.470429161464068998e-12 -9.349885109927896287e-12
1.850150000000000000e+04 7.379498859497245510e-10 7.460251969731009922e-12 7.164080484930831728e-12 -8.945883920430914496e-12
1.870150000000000000e+04 7.054465438984557728e-10 7.143639999293481979e-12 6.872954934253249589e-12 -8.562889440234087345e-12
1.890150000000000000e+04 6.795482582739145634e-10 6.843596255858689145e-12 6.592349932770313574e-12 -8.205342364959919630e-12
1.910150000000000000e+04 6.492067034649938845e-10 6.557275579926101649e-12 6.322269332944613677e-12 -7.855114318168344918e-12
1.930150000000000000e+04 6.245219886144750628e-10 6.286274490763503173e-12 6.063435037805625287e-12 -7.527410516548623820e-12
1.950150000000000000e+04 5.986072452403424911e-10 6.026778960370180065e-12 5.820759450442368371e-12 -7.220803701163803342e-12
1.970150000000000000e+04 5.751083110098096957e-10 5.787576194972036052e-12 5.596073535140787216e-12 -6.923521979588738703e-12
1.990150000000000000e+04 5.547517646669215365e-10 5.558284166957538189e-12 5.384934615192526202e-12 -6.656718361570488701e-12
2.010150000000000000e+04 5.317462014250800744e-10 5.343077167243249791e-12 5.184901661635141069e-12 -6.398677772305552336e-12
2.030150000000000000e+04 5.138669048678404960e-10 5.140161373316275243e-12 4.990708686809102539e-12 -6.147366465242791027e-12
2.050150000000000000e+04 4.915668610404179116e-10 4.939191394989808712e-12 4.797617714801246959e-12 -5.913954454926817382e-12
2.070150000000000000e+04 4.977063807830359837e-10 4.987528080637956379e-12 4.844877450730882727e-12 -5.975236487400954295e-12
