# ells, tt, ee, bb, te
1.015000000000000000e+02 8.975847193321214723e-01 -7.288773217592470210e-04 5.512008061454725955e-04 8.742431510667633340e-03
3.015000000000000000e+02 2.918502059659611181e-01 7.823038466939581442e-04 6.819152484494097059e-05 -9.057140119283417327e-04
5.015000000000000000e+02 5.499758662003738363e-02 4.593410517435489449e-04 2.171316022497116270e-05 1.166220703053062529e-03
7.015000000000000000e+02 1.119675014106991801e-02 4.433509443853139980e-04 1.703955770649453593e-06 -7.469792219895643633e-04
9.015000000000000000e+02 1.496610311148478985e-02 8.172259868965067189e-05 4.982971750070917615e-06 3.780639342840133696e-04
1.101500000000000000e+03 4.538922826446191786e-03 1.284782973478707305e-04 3.014093950019996695e-06 3.056982026560982823e-05
1.301500000000000000e+03 2.152650683668118955e-03 9.100242375300566047e-05 1.309007366123631573e-06 -1.382094382230954568e-04
1.501500000000000000e+03 1.100606412426267684e-03 4.169845787461525687e-05 1.072865554180351648e-07 1.519295237937297254e-05
1.701500000000000000e+03 6.737995490147905431e-04 2.094386522932435040e-05 -5.803642973597551819e-08 1.052835126314303484e-06
1.901500000000000000e+03 6.184399586392607794e-04 1.497668749193749241e-05 1.797971993098183535e-07 -3.042670526367220336e-05
2.101500000000000000e+03 2.880519983713864820e-04 6.900138430044704785e-06 -4.167925711699959367e-10 -1.597834310990533377e-05
2.301500000000000000e+03 1.364491393477618392e-04 5.673040293858373117e-06 -3.687251674794071336e-08 -6.705315030998083151e-06
2.501500000000000000e+03 5.315427215717881881e-05 1.780987376247456360e-06 3.942361282700913296e-08 1.527692770967670377e-06
2.701500000000000000e+03 5.923496773458845031e-05 2.292222012160747015e-06 8.612391986043858843e-09 -5.656178763506946137e-06
2.901500000000000000e+03 2.454829406866780941e-05 4.184661139180847140e-07 6.660486637550903853e-09 1.527121350985648942e-07
3.101500000000000000e+03 1.473734922944473812e-05 6.179779341641097239e-07 1.103526282575822257e-08 -1.932334701362066455e-06
3.301500000000000000e+03 7.199081021071657193e-06 3.337528137278527853e-07 5.882112198265119718e-09 -1.877104128603040381e-07
3.501500000000000000e+03 5.007623464052719876e-06 1.533580430982710549e-07 4.104940208072933868e-09 -1.075886960643383004e-07
3.701500000000000000e+03 3.104142359713807882e-06 7.741368120165236790e-08 2.466658889863648021e-09 -1.646951548527544525e-07
3.901500000000000000e+03 1.505050903035132479e-06 6.017430221487469968e-08 2.549094727826423410e-09 -8.032275705944558218e-08
4.101500000000000000e+03 1.100800163266462344e-06 3.046930628936482282e-08 2.062041448320800704e-09 -5.236232478884047354e-08
4.301500000000000000e+03 4.630872537251483876e-07 1.607090821550063937e-08 1.975116547465586676e-09 -2.216569538719643553e-08
4.501500000000000000e+03 4.731592392074620083e-07 1.507408777874517532e-08 1.610804996676700561e-09 3.456518189492100737e-09
4.701500000000000000e+03 2.689960410586540921e-07 5.521100101177444372e-09 1.499018056333448007e-09 1.356235082170180990e-09
4.901500000000000000e+03 1.557984959341693959e-07 4.774489823084400731e-09 1.072289513306191603e-09 -5.451865126602708976e-09
5.101500000000000000e+03 1.922823312253276092e-07 2.430379649288233344e-09 7.173252647724376954e-10 -4.768168921365134043e-09
5.301500000000000000e+03 1.068662258166443907e-07 2.639605379119849887e-09 8.256994112851694354e-10 -6.385664794822869208e-10
5.501500000000000000e+03 8.129246143647396244e-08 1.943092720381663488e-09 8.152719304893334081e-10 -8.594076953118963104e-10
5.701500000000000000e+03 7.369147368192415315e-08 1.197748119173364319e-09 5.731410714197745174e-10 -1.238969060239202294e-09
5.901500000000000000e+03 7.674221670490201242e-08 8.661807399541989984e-10 6.775800908354362254e-10 -2.167867358115650002e-09
6.101500000000000000e+03 6.433642001485100490e-08 8.500209329127737701e-10 3.403454965032264965e-10 -5.716049504882235012e-10
6.301500000000000000e+03 3.748582392169230607e-08 6.118672652550617564e-10 5.405988756984938785e-10 4.297926133486360512e-10
6.501500000000000000e+03 4.482172097402615456e-08 5.553998177360889572e-10 3.398671618309830529e-10 -3.808999108470148632e-10
6.701500000000000000e+03 3.833830814593399738e-08 6.155635414299971110e-10 3.091214333500684781e-10 -1.310454585672281129e-09
6.901500000000000000e+03 3.497255536408651651e-08 4.453976552620054570e-10 3.491255353278773616e-10 2.790382225013780747e-10
7.101500000000000000e+03 3.062847457484741332e-08 3.590126628358188418e-10 3.417489901032017749e-10 6.235652017972584788e-11
7.301500000000000000e+03 2.749212728540841305e-08 3.031326690567236266e-10 2.685768942565331051e-10 -3.951775701349416621e-11
7.501500000000000000e+03 2.616422855764365952e-08 2.664527684788245513e-10 1.954526927362143562e-10 -7.746983960363838258e-11
7.701500000000000000e+03 2.003024402525392308e-08 2.992680656133493112e-10 1.972423956725269978e-10 -2.836878631653503467e-10
7.901500000000000000e+03 2.162531129961287787e-08 2.596294405578828127e-10 1.717514320389767514e-10 -1.188131473975906319e-10
8.101500000000000000e+03 1.652954490703852149e-08 2.299900499148056850e-10 1.646784307863496127e-10 -1.118236825039784780e-10
8.301500000000000000e+03 1.699459227436385472e-08 1.932065683561678745e-10 2.085885183378667142e-10 -2.329726330146950049e-10
8.501500000000000000e+03 1.804552656895502113e-08 1.821359600281742351e-10 1.454402130487542879e-10 4.123575440199466484e-11
8.701500000000000000e+03 1.394454582024874043e-08 1.447257932419560891e-10 1.407602949254682442e-10 1.208388372056550143e-11
8.901500000000000000e+03 1.468235193819935295e-08 1.568114408290801328e-10 1.225751297328280274e-10 1.129844530396749739e-11
9.101500000000000000e+03 1.313419385005964644e-08 1.373483289713469879e-10 1.443156529175153493e-10 5.889794719051852207e-11
9.301500000000000000e+03 1.161146165881074371e-08 1.479187057037980554e-10 9.572960811482830318e-11 -1.995886715151986857e-10
9.501500000000000000e+03 1.085420915051568469e-08 1.167161408119288818e-10 1.055680440778314260e-10 1.863603104489667802e-11
9.701500000000000000e+03 1.177963045926108346e-08 1.044650278095371287e-10 8.978454036195624107e-11 -1.881283694289412883e-10
9.901500000000000000e+03 7.971693006494395093e-09 9.056732030520370077e-11 8.037199294800855420e-11 1.955186238471203058e-11
1.010150000000000000e+04 8.630114519768932022e-09 1.333179100512686351e-10 7.534153572768914684e-11 -1.094745450361966233e-11
1.030150000000000000e+04 6.264994650425446417e-09 8.132532667061928023e-11 7.464868173750789127e-11 8.504486196926030107e-12
1.050150000000000000e+04 7.390424913579867248e-09 9.493095122165431717e-11 7.406798725338354569e-11 -1.003674308890236864e-10
1.070150000000000000e+04 6.088990744618571707e-09 7.482982004374144117e-11 5.662569876757877327e-11 -4.099414228767831332e-11
1.090150000000000000e+04 7.914011529164337936e-09 7.092415159416584806e-11 6.403089329246782854e-11 -7.971430478010967201e-11
1.110150000000000000e+04 6.244658571846382789e-09 7.204369424468217457e-11 6.523811333425485989e-11 -3.802189856374171943e-11
1.130150000000000000e+04 5.826413021252696542e-09 5.399098935697381432e-11 4.499571845106352320e-11 -3.355037454324529598e-11
1.150150000000000000e+04 5.241464531376761820e-09 6.379864473198620667e-11 5.548807019570875296e-11 -5.758028638018092736e-11
1.170150000000000000e+04 4.602362087294123701e-09 4.957911621153774653e-11 4.429477446408256053e-11 -5.402835271299605639e-12
1.190150000000000000e+04 4.113223393041806563e-09 5.634192830364038416e-11 4.359508716102316975e-11 -2.616229816819930497e-12
1.210150000000000000e+04 5.224914868876650972e-09 5.564320315345047773e-11 4.104794066196556989e-11 -5.444351216123739862e-11
1.230150000000000000e+04 4.628665244905294971e-09 4.491667705385820093e-11 4.827696445279858875e-11 -1.364116881958518792e-11
1.250150000000000000e+04 3.819602246902268387e-09 4.288198074833931157e-11 4.160648875985169165e-11 -2.048383508276985741e-11
1.270150000000000000e+04 3.582088460750924640e-09 4.224292084509400349e-11 4.115765691757206066e-11 2.494310689333014561e-11
1.290150000000000000e+04 3.316573234992073016e-09 3.942738900945908648e-11 3.630836100227634204e-11 -3.360671756981232085e-11
1.310150000000000000e+04 3.369423752060541326e-09 4.197181157784938635e-11 3.657559001108479380e-11 -2.876963682525554789e-11
1.330150000000000000e+04 3.322950855279131033e-09 3.506531075378429050e-11 3.068527052772773356e-11 -8.313386196208190631e-11
1.350150000000000000e+04 2.844378444974104754e-09 3.602966488811930279e-11 2.679708733026949769e-11 -3.171663656650379780e-12
1.370150000000000000e+04 2.822235608323190802e-09 2.658849232137479055e-11 2.644031398720700068e-11 1.243937547594906380e-11
1.390150000000000000e+04 2.901808599448479291e-09 2.922366756568045192e-11 2.653024066466981494e-11 -2.828719521843727720e-11
1.410150000000000000e+04 2.334412454758770438e-09 2.743218857240168034e-11 2.549015123406633884e-11 -4.130426657152972580e-11
1.430150000000000000e+04 2.226497313053788616e-09 3.082366836365351056e-11 2.386834460119144531e-11 -1.909718710163706685e-11
1.450150000000000000e+04 2.508079213988541958e-09 2.482307034150855295e-11 2.215817931503213032e-11 -3.212911240498202601e-11
1.470150000000000000e+04 2.003036059442761061e-09 2.955952406305568964e-11 1.980176638693762006e-11 -2.844419326449815580e-11
1.490150000000000000e+04 2.158169497470868031e-09 1.931605097455039829e-11 2.365931188298501675e-11 -1.045234920244644394e-11
1.510150000000000000e+04 1.797362643467172060e-09 1.994912872817368835e-11 1.690138811582046036e-11 -2.034192122305396484e-11
1.530150000000000000e+04 2.100991574246606262e-09 2.034871570793072145e-11 2.217451366175425496e-11 -3.014543237520797582e-11
1.550150000000000000e+04 1.897241939214584475e-09 1.679323413209198756e-11 1.957571935117948619e-11 -1.148119787812015715e-11
1.570150000000000000e+04 2.075341293938138394e-09 1.652484088735434170e-11 1.519189963613671236e-11 -1.662935954375888540e-11
1.590150000000000000e+04 1.712485054385272190e-09 1.693310902155207914e-11 1.637407674676731373e-11 -1.118346069828137364e-11
1.610150000000000000e+04 1.392363642395826095e-09 1.584647279628019628e-11 1.528322147732479800e-11 -8.905980791819857079e-12
1.630150000000000000e+04 1.664988623521816905e-09 1.705754586649252474e-11 1.392614089860936478e-11 -1.601978319067492563e-11
1.650150000000000000e+04 1.340740057155066472e-09 1.493547375298249837e-11 1.399958063394337618e-11 -1.709308565220795037e-11
1.670150000000000000e+04 1.271831864182176740e-09 1.700812854879138746e-11 1.427526045802391746e-11 6.481205592447166794e-12
1.690150000000000000e+04 1.319192806381098239e-09 1.339122559574055134e-11 1.326671625087866866e-11 -2.111460389082349128e-11
1.710150000000000000e+04 1.123251308578306139e-09 1.282992988355819638e-11 1.304782872239677761e-11 3.978618009451758995e-12
1.730150000000000000e+04 1.214050673232112546e-09 1.223719684184939865e-11 1.072185052195666429e-11 -1.605404159342448831e-11
1.750150000000000000e+04 1.031370065556855203e-09 1.297013125630477194e-11 1.405758617898913454e-11 -4.148741916384929926e-12
1.770150000000000000e+04 1.114607029872606270e-09 1.264940761192997376e-11 1.097556977236312241e-11 -1.304127611791618207e-12
1.790150000000000000e+04 1.001605052471315705e-09 1.121080126090182665e-11 1.185243505796569912e-11 -1.282832864226704929e-11
1.810150000000000000e+04 1.170221762373519184e-09 1.192486784615465688e-11 9.940713677399000743e-12 -5.771168606658843447e-12
1.830150000000000000e+04 9.018598082994018679e-10 1.004025427191195443e-11 1.198855647725492661e-11 -6.086257781420011152e-12
1.850150000000000000e+04 1.087744802208648842e-09 1.147487869019973427e-11 9.176943924632214937e-12 -1.018704769067521333e-11
1.870150000000000000e+04 8.896080241853251000e-10 9.985070467134961005e-12 9.040454155836399688e-12 -1.043353170111130225e-11
1.890150000000000000e+04 9.292683674409058595e-10 9.102190247909206243e-12 9.476112550780366508e-12 -7.183909822963477022e-12
1.910150000000000000e+04 8.794115335982477184e-10 8.816076635510954361e-12 9.825657620443090885e-12 -4.974386284887827491e-12
1.930150000000000000e+04 6.425743102561866801e-10 8.928064697249951734e-12 8.024619752884418830e-12 -8.050076641711011752e-12
1.950150000000000000e+04 8.085916232360184194e-10 8.542206138375374790e-12 7.340473211101733932e-12 -5.843441311018449184e-12
1.970150000000000000e+04 6.304035816181683906e-10 7.454681396903394748e-12 7.794023740043403962e-12 -1.253964772967225425e-13
1.990150000000000000e+04 7.390068917899705755e-10 7.953830629103033341e-12 7.787734969947863568e-12 -7.071257896990068578e-12
2.010150000000000000e+04 6.912960344577738015e-10 7.331739750968945027e-12 6.676773106278000962e-12 -3.289535331839571838e-12
2.030150000000000000e+04 6.116965877912602354e-10 7.680703154758167429e-12 6.717240353806478749e-12 -6.336083801782857322e-12
2.050150000000000000e+04 6.005385728365194859e-10 5.737790808752605248e-12 7.237793914030303356e-12 -4.581965349945297689e-12
2.070150000000000000e+04 9.352954420118904205e-10 8.803428676571262515e-12 7.596852160465956334e-12 -8.280937116856019138e-12
