1.015000000000000000e+02 7.180317938048076165e+00
3.015000000000000000e+02 6.744407521392945526e+00
5.015000000000000000e+02 8.704989294861222859e+00
7.015000000000000000e+02 1.084202679480148568e+01
9.015000000000000000e+02 1.331449839453494555e+01
1.101500000000000000e+03 1.525249424635767248e+01
1.301500000000000000e+03 1.593369186564811635e+01
1.501500000000000000e+03 1.436061573951073278e+01
1.701500000000000000e+03 1.615953222175322423e+01
1.901500000000000000e+03 1.547110356260414399e+01
2.101500000000000000e+03 1.479859782951491987e+01
2.301500000000000000e+03 1.598371884559826661e+01
2.501500000000000000e+03 1.615422417957255874e+01
2.701500000000000000e+03 1.658609211793976357e+01
2.901500000000000000e+03 1.626582514164822513e+01
3.101500000000000000e+03 1.712560347135064376e+01
3.301500000000000000e+03 1.661073422076574246e+01
3.501500000000000000e+03 1.688348513904967163e+01
3.701500000000000000e+03 1.646038234086940122e+01
3.901500000000000000e+03 1.573471671280677597e+01
4.101500000000000000e+03 1.635766040157948353e+01
4.301500000000000000e+03 1.666682002559304721e+01
4.501500000000000000e+03 1.674723962101633390e+01
4.701500000000000000e+03 1.612399135248016435e+01
4.901500000000000000e+03 1.605653112984262876e+01
5.101500000000000000e+03 1.634063258713801403e+01
5.301500000000000000e+03 1.572245289535317703e+01
5.501500000000000000e+03 1.563350369901962367e+01
5.701500000000000000e+03 1.588967103360789501e+01
5.901500000000000000e+03 1.536179817758046084e+01
6.101500000000000000e+03 1.487690588289304117e+01
6.301500000000000000e+03 1.605396488529001076e+01
6.501500000000000000e+03 1.553551537200244681e+01
6.701500000000000000e+03 1.525945522158956003e+01
6.901500000000000000e+03 1.453600176958745571e+01
7.101500000000000000e+03 1.464861372317243848e+01
7.301500000000000000e+03 1.378659837016223477e+01
7.501500000000000000e+03 1.424881525598086718e+01
7.701500000000000000e+03 1.419552732071101175e+01
7.901500000000000000e+03 1.417602974240053548e+01
8.101500000000000000e+03 1.386146724756023474e+01
8.301500000000000000e+03 1.394559553245792927e+01
8.501500000000000000e+03 1.294876856068076521e+01
8.701500000000000000e+03 1.380494602697949702e+01
8.901500000000000000e+03 1.320350708672909512e+01
9.101500000000000000e+03 1.341235059826018627e+01
9.301500000000000000e+03 1.279937498526816420e+01
9.501500000000000000e+03 1.314638551960685753e+01
9.701500000000000000e+03 1.302020070957334141e+01
9.901500000000000000e+03 1.268446842328962276e+01
1.010150000000000000e+04 1.236435075667003680e+01
1.030150000000000000e+04 1.197096259002597307e+01
1.050150000000000000e+04 1.245026135068934714e+01
1.070150000000000000e+04 1.203208726470385770e+01
1.090150000000000000e+04 1.187562352989285763e+01
1.110150000000000000e+04 1.196264723238878069e+01
1.130150000000000000e+04 1.136683150875528803e+01
1.150150000000000000e+04 1.112325300920323912e+01
1.170150000000000000e+04 1.123635484766476011e+01
1.190150000000000000e+04 1.123357523295452687e+01
1.210150000000000000e+04 1.118954317523580677e+01
1.230150000000000000e+04 1.176549743741704468e+01
