1.015000000000000000e+02 1.654720092772941076e-01
3.015000000000000000e+02 1.840324278840826944e-02
5.015000000000000000e+02 1.537329067367689504e-02
7.015000000000000000e+02 1.305547514638791089e-02
9.015000000000000000e+02 1.460663605146274475e-02
1.101500000000000000e+03 1.774189563000503483e-02
1.301500000000000000e+03 2.356336720157962278e-02
1.501500000000000000e+03 2.682588837126914996e-02
1.701500000000000000e+03 2.996502907427448306e-02
1.901500000000000000e+03 3.588082179359552981e-02
2.101500000000000000e+03 3.872966784403317209e-02
2.301500000000000000e+03 5.022532331960035540e-02
2.501500000000000000e+03 5.407286166477570655e-02
2.701500000000000000e+03 5.845314947422662610e-02
2.901500000000000000e+03 6.967037052885674542e-02
3.101500000000000000e+03 7.771435603142701209e-02
3.301500000000000000e+03 8.524095197283483583e-02
3.501500000000000000e+03 9.387669044675769903e-02
3.701500000000000000e+03 1.052964992325059884e-01
3.901500000000000000e+03 1.144422394574163143e-01
4.101500000000000000e+03 1.260749807260147792e-01
4.301500000000000000e+03 1.329556725014769958e-01
4.501500000000000000e+03 1.416727839023902424e-01
4.701500000000000000e+03 1.542505349147398619e-01
4.901500000000000000e+03 1.629885562175517333e-01
5.101500000000000000e+03 1.726065749094254920e-01
5.301500000000000000e+03 1.849699650303389675e-01
5.501500000000000000e+03 2.090841068003100878e-01
5.701500000000000000e+03 2.194224004955114549e-01
5.901500000000000000e+03 2.254363698170348540e-01
6.101500000000000000e+03 2.274143616064714379e-01
6.301500000000000000e+03 2.553840973965647021e-01
6.501500000000000000e+03 2.729929045423671319e-01
6.701500000000000000e+03 2.890955382548645591e-01
6.901500000000000000e+03 3.045007157452572777e-01
7.101500000000000000e+03 3.171729469278325442e-01
7.301500000000000000e+03 3.381146178483938058e-01
7.501500000000000000e+03 3.412654908500249440e-01
7.701500000000000000e+03 3.534592405612769217e-01
7.901500000000000000e+03 3.856990231491589372e-01
8.101500000000000000e+03 3.990973042194081444e-01
8.301500000000000000e+03 4.152755248038496605e-01
8.501500000000000000e+03 4.394501976106992558e-01
8.701500000000000000e+03 4.556173414979962644e-01
8.901500000000000000e+03 4.562323583128229387e-01
9.101500000000000000e+03 4.770642721852600965e-01
9.301500000000000000e+03 4.985584150015543448e-01
9.501500000000000000e+03 5.272274341136791165e-01
9.701500000000000000e+03 5.479510322351978102e-01
9.901500000000000000e+03 5.426986777132923878e-01
1.010150000000000000e+04 5.941842938387267292e-01
1.030150000000000000e+04 5.797182380910127497e-01
1.050150000000000000e+04 6.266311177474767069e-01
1.070150000000000000e+04 6.367531654042174472e-01
1.090150000000000000e+04 6.678883552889531838e-01
1.110150000000000000e+04 6.668247118598062961e-01
1.130150000000000000e+04 7.109842816773044305e-01
1.150150000000000000e+04 7.482574651623588036e-01
1.170150000000000000e+04 7.710930174220661515e-01
1.190150000000000000e+04 7.874498730250066858e-01
1.210150000000000000e+04 7.906697059617007195e-01
1.230150000000000000e+04 8.556100178307024517e-01
