1.015000000000000000e+02 1.334813327348960229e+03
3.015000000000000000e+02 1.365377056046570033e+04
5.015000000000000000e+02 3.806483554494565033e+04
7.015000000000000000e+02 7.406874306474059995e+04
9.015000000000000000e+02 1.230311044584990013e+05
1.101500000000000000e+03 1.811508882758823165e+05
1.301500000000000000e+03 2.532429379254491068e+05
1.501500000000000000e+03 3.373322595459967270e+05
1.701500000000000000e+03 4.341573234302600031e+05
1.901500000000000000e+03 5.421870977948547807e+05
2.101500000000000000e+03 6.626382454361694399e+05
2.301500000000000000e+03 7.980016881754850037e+05
2.501500000000000000e+03 9.365605493881410221e+05
2.701500000000000000e+03 1.099570312557719648e+06
2.901500000000000000e+03 1.257419573698521359e+06
3.101500000000000000e+03 1.443692552236975404e+06
3.301500000000000000e+03 1.631977041845473927e+06
3.501500000000000000e+03 1.834322873140417971e+06
3.701500000000000000e+03 2.054113425270061241e+06
3.901500000000000000e+03 2.289333307928984519e+06
4.101500000000000000e+03 2.521050413772418629e+06
4.301500000000000000e+03 2.769667882141189650e+06
4.501500000000000000e+03 3.036366565139396116e+06
4.701500000000000000e+03 3.311381824093191884e+06
4.901500000000000000e+03 3.598444311402049381e+06
5.101500000000000000e+03 3.902957032828907948e+06
5.301500000000000000e+03 4.219693145972571336e+06
5.501500000000000000e+03 4.540753920920132659e+06
5.701500000000000000e+03 4.878903180570278317e+06
5.901500000000000000e+03 5.215672002761194482e+06
6.101500000000000000e+03 5.561318213644735515e+06
6.301500000000000000e+03 5.950555452647663653e+06
6.501500000000000000e+03 6.328696331552595831e+06
6.701500000000000000e+03 6.720969648242987692e+06
6.901500000000000000e+03 7.142618701142095029e+06
7.101500000000000000e+03 7.572625776485404931e+06
7.301500000000000000e+03 7.991529606433412991e+06
7.501500000000000000e+03 8.445089409100623801e+06
7.701500000000000000e+03 8.878449068684751168e+06
7.901500000000000000e+03 9.346750895457547158e+06
8.101500000000000000e+03 9.819518024522349238e+06
8.301500000000000000e+03 1.033521451783687249e+07
8.501500000000000000e+03 1.080786923933354765e+07
8.701500000000000000e+03 1.134512573437732458e+07
8.901500000000000000e+03 1.187382018078115024e+07
9.101500000000000000e+03 1.241173074345211685e+07
9.301500000000000000e+03 1.298822455933743902e+07
9.501500000000000000e+03 1.353321153639557771e+07
9.701500000000000000e+03 1.408319943284168094e+07
9.901500000000000000e+03 1.467358021486937441e+07
1.010150000000000000e+04 1.533585781707464345e+07
1.030150000000000000e+04 1.590229269128382765e+07
1.050150000000000000e+04 1.651541798860479519e+07
1.070150000000000000e+04 1.714214069355010614e+07
1.090150000000000000e+04 1.782558609542910010e+07
1.110150000000000000e+04 1.846125730479083955e+07
1.130150000000000000e+04 1.911370856658880785e+07
1.150150000000000000e+04 1.981969364654990286e+07
1.170150000000000000e+04 2.052349399223000929e+07
1.190150000000000000e+04 2.123950452001441643e+07
1.210150000000000000e+04 2.194098463141841069e+07
1.230150000000000000e+04 2.376766997090175748e+07
