1.015000000000000000e+02 4.679448034813288970e+00
3.015000000000000000e+02 1.421702019623178048e-01
5.015000000000000000e+02 2.357322206815614385e-01
7.015000000000000000e+02 3.344501456705260556e-01
9.015000000000000000e+02 4.055969541887121110e-01
1.101500000000000000e+03 4.996384403123171891e-01
1.301500000000000000e+03 6.647051274599128368e-01
1.501500000000000000e+03 7.290909342909116519e-01
1.701500000000000000e+03 8.416762866611388061e-01
1.901500000000000000e+03 1.005044520169888767e+00
2.101500000000000000e+03 1.113227402628230056e+00
2.301500000000000000e+03 1.396874423485841010e+00
2.501500000000000000e+03 1.528857157573855652e+00
2.701500000000000000e+03 1.631034178727221784e+00
2.901500000000000000e+03 1.982857084722055907e+00
3.101500000000000000e+03 2.174807079741463145e+00
3.301500000000000000e+03 2.393877573117145996e+00
3.501500000000000000e+03 2.694570029161760694e+00
3.701500000000000000e+03 3.038037683776670050e+00
3.901500000000000000e+03 3.291751899753241783e+00
4.101500000000000000e+03 3.556093160275202614e+00
4.301500000000000000e+03 3.717376509303795373e+00
4.501500000000000000e+03 3.977156294860860974e+00
4.701500000000000000e+03 4.279479366060251699e+00
4.901500000000000000e+03 4.595890189530726033e+00
5.101500000000000000e+03 4.852831159385835313e+00
5.301500000000000000e+03 5.188748196655789791e+00
5.501500000000000000e+03 5.816475951369104891e+00
5.701500000000000000e+03 6.254404811365227523e+00
5.901500000000000000e+03 6.380040410495739778e+00
6.101500000000000000e+03 6.436070445234529203e+00
6.301500000000000000e+03 7.108701666087378079e+00
6.501500000000000000e+03 7.479746907541558798e+00
6.701500000000000000e+03 8.283948384513385221e+00
6.901500000000000000e+03 8.582250573223751289e+00
7.101500000000000000e+03 8.967413856367057789e+00
7.301500000000000000e+03 9.426091631565347129e+00
7.501500000000000000e+03 9.736296293390036993e+00
7.701500000000000000e+03 9.931094587901286630e+00
7.901500000000000000e+03 1.083313492075050100e+01
8.101500000000000000e+03 1.140923739594921393e+01
8.301500000000000000e+03 1.134167277008687513e+01
8.501500000000000000e+03 1.212682352945087239e+01
8.701500000000000000e+03 1.279543842216774330e+01
8.901500000000000000e+03 1.249506700115938784e+01
9.101500000000000000e+03 1.331999211225045521e+01
9.301500000000000000e+03 1.375627889550107597e+01
9.501500000000000000e+03 1.472691244886240547e+01
9.701500000000000000e+03 1.494853312658368694e+01
9.901500000000000000e+03 1.515747690482662335e+01
1.010150000000000000e+04 1.636459999424361200e+01
1.030150000000000000e+04 1.620114160631086975e+01
1.050150000000000000e+04 1.735104379320954848e+01
1.070150000000000000e+04 1.739149654135123768e+01
1.090150000000000000e+04 1.853398255529733163e+01
1.110150000000000000e+04 1.864480258213108854e+01
1.130150000000000000e+04 1.983103002991090591e+01
1.150150000000000000e+04 2.020145726352223292e+01
1.170150000000000000e+04 2.085908802221442571e+01
1.190150000000000000e+04 2.117444055699540684e+01
1.210150000000000000e+04 2.177815486107314413e+01
1.230150000000000000e+04 2.328347795202451209e+01
