1.015000000000000000e+02 4.706208978870453308e+00
3.015000000000000000e+02 4.425798500330620833e+00
5.015000000000000000e+02 5.456897530367360361e+00
7.015000000000000000e+02 6.910834295188196030e+00
9.015000000000000000e+02 8.672071574135058469e+00
1.101500000000000000e+03 9.947485054666524107e+00
1.301500000000000000e+03 1.044032696323217735e+01
1.501500000000000000e+03 9.460602681161045524e+00
1.701500000000000000e+03 1.069685348715359652e+01
1.901500000000000000e+03 1.033364865032647018e+01
2.101500000000000000e+03 9.751746527248041474e+00
2.301500000000000000e+03 1.075121368021700441e+01
2.501500000000000000e+03 1.076951502787074766e+01
2.701500000000000000e+03 1.119850284735719015e+01
2.901500000000000000e+03 1.101572679893148710e+01
3.101500000000000000e+03 1.142903589017842947e+01
3.301500000000000000e+03 1.122279849407087937e+01
3.501500000000000000e+03 1.151149870754947635e+01
3.701500000000000000e+03 1.101287536378521992e+01
3.901500000000000000e+03 1.070217626224691720e+01
4.101500000000000000e+03 1.109558127078301304e+01
4.301500000000000000e+03 1.128379555983739380e+01
4.501500000000000000e+03 1.122846598947028696e+01
4.701500000000000000e+03 1.071205262813598225e+01
4.901500000000000000e+03 1.081405998588473594e+01
5.101500000000000000e+03 1.093796914794772057e+01
5.301500000000000000e+03 1.060222735922190473e+01
5.501500000000000000e+03 1.046087194869118875e+01
5.701500000000000000e+03 1.069594442501448661e+01
5.901500000000000000e+03 1.035882435787949163e+01
6.101500000000000000e+03 1.010358196193660163e+01
6.301500000000000000e+03 1.088262574770448055e+01
6.501500000000000000e+03 1.041570945594402176e+01
6.701500000000000000e+03 1.025641536093330508e+01
6.901500000000000000e+03 9.817959309408310631e+00
7.101500000000000000e+03 9.841249981086910736e+00
7.301500000000000000e+03 9.313720243479210126e+00
7.501500000000000000e+03 9.580654309653402478e+00
7.701500000000000000e+03 9.530287592507097116e+00
7.901500000000000000e+03 9.539362069004081235e+00
8.101500000000000000e+03 9.346197793933088249e+00
8.301500000000000000e+03 9.300100987986535728e+00
8.501500000000000000e+03 8.766384306366269641e+00
8.701500000000000000e+03 9.246291139235303547e+00
8.901500000000000000e+03 8.920922296866827139e+00
9.101500000000000000e+03 8.987393743119508116e+00
9.301500000000000000e+03 8.602369016664587420e+00
9.501500000000000000e+03 8.794677120543909155e+00
9.701500000000000000e+03 8.725922523267010789e+00
9.901500000000000000e+03 8.515521964333474969e+00
1.010150000000000000e+04 8.321348226597905295e+00
1.030150000000000000e+04 8.075298806520320838e+00
1.050150000000000000e+04 8.317551747612755619e+00
1.070150000000000000e+04 8.098311348555055744e+00
1.090150000000000000e+04 7.947632978874250576e+00
1.110150000000000000e+04 8.008369823477890392e+00
1.130150000000000000e+04 7.707297768133207327e+00
1.150150000000000000e+04 7.487120373959815112e+00
1.170150000000000000e+04 7.502199460715342383e+00
1.190150000000000000e+04 7.531773891594049530e+00
1.210150000000000000e+04 7.491340655565013051e+00
1.230150000000000000e+04 7.938093167014226736e+00
