1.015000000000000000e+02 4.998600837908667494e+00
3.015000000000000000e+02 4.917139613849900570e+01
5.015000000000000000e+02 1.355138993499040225e+02
7.015000000000000000e+02 2.669201426436198403e+02
9.015000000000000000e+02 4.467713745503809264e+02
1.101500000000000000e+03 6.521045087975953720e+02
1.301500000000000000e+03 9.117498739237561267e+02
1.501500000000000000e+03 1.220002874568042898e+03
1.701500000000000000e+03 1.563788365508729612e+03
1.901500000000000000e+03 1.952441357307339558e+03
2.101500000000000000e+03 2.381551356455535824e+03
2.301500000000000000e+03 2.881033103783472143e+03
2.501500000000000000e+03 3.384180038801217961e+03
2.701500000000000000e+03 3.957539986417264572e+03
2.901500000000000000e+03 4.514775408116662220e+03
3.101500000000000000e+03 5.222133771474933383e+03
3.301500000000000000e+03 5.907847603169794638e+03
3.501500000000000000e+03 6.589334376066064578e+03
3.701500000000000000e+03 7.380357468793726184e+03
3.901500000000000000e+03 8.271454836806646199e+03
4.101500000000000000e+03 9.103910561531227359e+03
4.301500000000000000e+03 9.958735812338967662e+03
4.501500000000000000e+03 1.093655586430576295e+04
4.701500000000000000e+03 1.195991517849676893e+04
4.901500000000000000e+03 1.297430187834485696e+04
5.101500000000000000e+03 1.405750961485707558e+04
5.301500000000000000e+03 1.520614835061100530e+04
5.501500000000000000e+03 1.638689980518979064e+04
5.701500000000000000e+03 1.758434059838895337e+04
5.901500000000000000e+03 1.876078314664599384e+04
6.101500000000000000e+03 2.006318592155520309e+04
6.301500000000000000e+03 2.153984323991342171e+04
6.501500000000000000e+03 2.280521477009614682e+04
6.701500000000000000e+03 2.411646102403334226e+04
6.901500000000000000e+03 2.579108798866771758e+04
7.101500000000000000e+03 2.736398083306935587e+04
7.301500000000000000e+03 2.876800715832129208e+04
7.501500000000000000e+03 3.035124299721925854e+04
7.701500000000000000e+03 3.203718617811469812e+04
7.901500000000000000e+03 3.371012624144493748e+04
8.101500000000000000e+03 3.540115447561185283e+04
8.301500000000000000e+03 3.725478883842928917e+04
8.501500000000000000e+03 3.895202958741071052e+04
8.701500000000000000e+03 4.090389701972454350e+04
8.901500000000000000e+03 4.276202588067121542e+04
9.101500000000000000e+03 4.469658746081007848e+04
9.301500000000000000e+03 4.685619785148821393e+04
9.501500000000000000e+03 4.894817116998216079e+04
9.701500000000000000e+03 5.062495430228432815e+04
9.901500000000000000e+03 5.284104931158376712e+04
1.010150000000000000e+04 5.541703941765384661e+04
1.030150000000000000e+04 5.740857228531072906e+04
1.050150000000000000e+04 5.937440387224349251e+04
1.070150000000000000e+04 6.178302398236834415e+04
1.090150000000000000e+04 6.435396754371122370e+04
1.110150000000000000e+04 6.651193930009831092e+04
1.130150000000000000e+04 6.890582939228134637e+04
1.150150000000000000e+04 7.146827184708118148e+04
1.170150000000000000e+04 7.404406396865783609e+04
1.190150000000000000e+04 7.657824239953889628e+04
1.210150000000000000e+04 7.911192212888500944e+04
1.230150000000000000e+04 8.605458177328469174e+04
