1.015000000000000000e+02 3.034888410883998944e+01
3.015000000000000000e+02 3.257680016870136530e+00
5.015000000000000000e+02 2.726680519128358071e+00
7.015000000000000000e+02 2.359061655543188252e+00
9.015000000000000000e+02 2.615263573370289141e+00
1.101500000000000000e+03 3.254564184572326546e+00
1.301500000000000000e+03 4.265687148012323071e+00
1.501500000000000000e+03 4.948572733900771681e+00
1.701500000000000000e+03 5.584941290011162351e+00
1.901500000000000000e+03 6.663719254928955671e+00
2.101500000000000000e+03 7.298487296992902884e+00
2.301500000000000000e+03 9.415261148733167218e+00
2.501500000000000000e+03 1.019461211918837407e+01
2.701500000000000000e+03 1.100991388672668236e+01
2.901500000000000000e+03 1.327561101934711196e+01
3.101500000000000000e+03 1.464586333758432524e+01
3.301500000000000000e+03 1.611838767228953984e+01
3.501500000000000000e+03 1.771008382601392128e+01
3.701500000000000000e+03 2.011893332586266681e+01
3.901500000000000000e+03 2.176115783116384961e+01
4.101500000000000000e+03 2.369014933522605304e+01
4.301500000000000000e+03 2.505902674436772060e+01
4.501500000000000000e+03 2.677035033354031768e+01
4.701500000000000000e+03 2.888547502708607340e+01
4.901500000000000000e+03 3.065020829007023195e+01
5.101500000000000000e+03 3.278577356856977332e+01
5.301500000000000000e+03 3.478096820576027426e+01
5.501500000000000000e+03 3.929047556003379071e+01
5.701500000000000000e+03 4.114631346982673676e+01
5.901500000000000000e+03 4.294579159206611507e+01
6.101500000000000000e+03 4.312858500329326716e+01
6.301500000000000000e+03 4.845718867235645178e+01
6.501500000000000000e+03 5.162369202307036886e+01
6.701500000000000000e+03 5.473550121302184834e+01
6.901500000000000000e+03 5.714051177510970803e+01
7.101500000000000000e+03 6.014414002487382049e+01
7.301500000000000000e+03 6.397194288140170926e+01
7.501500000000000000e+03 6.417016910392888462e+01
7.701500000000000000e+03 6.698352919262062244e+01
7.901500000000000000e+03 7.290809751456427534e+01
8.101500000000000000e+03 7.619749179250169391e+01
8.301500000000000000e+03 7.878107380672126681e+01
8.501500000000000000e+03 8.376752594915889460e+01
8.701500000000000000e+03 8.614092572927580704e+01
8.901500000000000000e+03 8.630856359394462629e+01
9.101500000000000000e+03 9.017899616852875511e+01
9.301500000000000000e+03 9.404458666050545901e+01
9.501500000000000000e+03 1.007145741444159484e+02
9.701500000000000000e+03 1.038906295424728654e+02
9.901500000000000000e+03 1.029189916218355876e+02
1.010150000000000000e+04 1.128913365327919962e+02
1.030150000000000000e+04 1.103348191398819438e+02
1.050150000000000000e+04 1.185554389653887597e+02
1.070150000000000000e+04 1.203281476335451146e+02
1.090150000000000000e+04 1.269439964300060666e+02
1.110150000000000000e+04 1.270581555768652606e+02
1.130150000000000000e+04 1.352574394112291998e+02
1.150150000000000000e+04 1.416207542455552471e+02
1.170150000000000000e+04 1.454024809582070077e+02
1.190150000000000000e+04 1.491944523443407888e+02
1.210150000000000000e+04 1.492881221385307526e+02
1.230150000000000000e+04 1.614831440919718375e+02
