1.015000000000000000e+02 6.249550686822594736e-01
3.015000000000000000e+02 6.019014968903261931e+00
5.015000000000000000e+02 1.642321953691228842e+01
7.015000000000000000e+02 3.243616459631872573e+01
9.015000000000000000e+02 5.480074173255391656e+01
1.101500000000000000e+03 7.950235209790746183e+01
1.301500000000000000e+03 1.111352791271240648e+02
1.501500000000000000e+03 1.491243556919817479e+02
1.701500000000000000e+03 1.908370899603351063e+02
1.901500000000000000e+03 2.377453765913838311e+02
2.101500000000000000e+03 2.901107960971271496e+02
2.301500000000000000e+03 3.521727430987317007e+02
2.501500000000000000e+03 4.133388579504817812e+02
2.701500000000000000e+03 4.820525373706533969e+02
2.901500000000000000e+03 5.495375633423030877e+02
3.101500000000000000e+03 6.385763724263222230e+02
3.301500000000000000e+03 7.221890621920292688e+02
3.501500000000000000e+03 8.031180797953585397e+02
3.701500000000000000e+03 8.984775982612339931e+02
3.901500000000000000e+03 1.010144179557553230e+03
4.101500000000000000e+03 1.111955061209370115e+03
4.301500000000000000e+03 1.213095372689167789e+03
4.501500000000000000e+03 1.333412667697668667e+03
4.701500000000000000e+03 1.461608343761336528e+03
4.901500000000000000e+03 1.584544321936557481e+03
5.101500000000000000e+03 1.713593291347486002e+03
5.301500000000000000e+03 1.855059028817673607e+03
5.501500000000000000e+03 2.001120745425380619e+03
5.701500000000000000e+03 2.143728087936181964e+03
5.901500000000000000e+03 2.286866443554049965e+03
6.101500000000000000e+03 2.450425579324463797e+03
6.301500000000000000e+03 2.633838229202367984e+03
6.501500000000000000e+03 2.780046015696361337e+03
6.701500000000000000e+03 2.936031745049289384e+03
6.901500000000000000e+03 3.149191349056810850e+03
7.101500000000000000e+03 3.344669931930850453e+03
7.301500000000000000e+03 3.510279838778333669e+03
7.501500000000000000e+03 3.693365600548240309e+03
7.701500000000000000e+03 3.909192468647437636e+03
7.901500000000000000e+03 4.114768132358809453e+03
8.101500000000000000e+03 4.322214308163482201e+03
8.301500000000000000e+03 4.544196110862976639e+03
8.501500000000000000e+03 4.754520950834270479e+03
8.701500000000000000e+03 4.989417308591408073e+03
8.901500000000000000e+03 5.209982046902483489e+03
9.101500000000000000e+03 5.451992365654798050e+03
9.301500000000000000e+03 5.721668218044126661e+03
9.501500000000000000e+03 5.982332691463292576e+03
9.701500000000000000e+03 6.165331938825404904e+03
9.901500000000000000e+03 6.444546826463511934e+03
1.010150000000000000e+04 6.767910631603865113e+03
1.030150000000000000e+04 7.012976108378593381e+03
1.050150000000000000e+04 7.235431927681966044e+03
1.070150000000000000e+04 7.530600182093236072e+03
1.090150000000000000e+04 7.858846134099139817e+03
1.110150000000000000e+04 8.113433349522014396e+03
1.130150000000000000e+04 8.407446628083809628e+03
1.150150000000000000e+04 8.717493826489155254e+03
1.170150000000000000e+04 9.045334132720410707e+03
1.190150000000000000e+04 9.339013418139515124e+03
1.210150000000000000e+04 9.643063534882832755e+03
1.230150000000000000e+04 1.050020310991940278e+04
