1.015000000000000000e+02 1.802280667096297639e+00
3.015000000000000000e+02 1.692865886098143369e+00
5.015000000000000000e+02 2.184977607274120270e+00
7.015000000000000000e+02 2.721380232686571699e+00
9.015000000000000000e+02 3.341977787392034660e+00
1.101500000000000000e+03 3.828420376454442220e+00
1.301500000000000000e+03 3.999402963496176078e+00
1.501500000000000000e+03 3.604556288774360961e+00
1.701500000000000000e+03 4.056089545272196339e+00
1.901500000000000000e+03 3.883291946856694210e+00
2.101500000000000000e+03 3.714491063475927835e+00
2.301500000000000000e+03 4.011959873754099348e+00
2.501500000000000000e+03 4.054757202537335736e+00
2.701500000000000000e+03 4.163157309520872040e+00
2.901500000000000000e+03 4.082769378391061466e+00
3.101500000000000000e+03 4.298576230759137751e+00
3.301500000000000000e+03 4.169342549222946559e+00
3.501500000000000000e+03 4.237803818079021845e+00
3.701500000000000000e+03 4.131603785333751055e+00
3.901500000000000000e+03 3.949459603071776126e+00
4.101500000000000000e+03 4.105820281807674554e+00
4.301500000000000000e+03 4.183420234630809809e+00
4.501500000000000000e+03 4.203605800107128587e+00
4.701500000000000000e+03 4.047168677008282422e+00
4.901500000000000000e+03 4.030235955713550311e+00
5.101500000000000000e+03 4.101546243013902249e+00
5.301500000000000000e+03 3.946381350270908417e+00
5.501500000000000000e+03 3.924054842994276537e+00
5.701500000000000000e+03 3.988353586780305271e+00
5.901500000000000000e+03 3.855855960754083878e+00
6.101500000000000000e+03 3.734146592596257364e+00
6.301500000000000000e+03 4.029591826819727274e+00
6.501500000000000000e+03 3.899459491071145312e+00
6.701500000000000000e+03 3.830167591386210102e+00
6.901500000000000000e+03 3.648578657886587528e+00
7.101500000000000000e+03 3.676844592449577398e+00
7.301500000000000000e+03 3.460476234057662914e+00
7.501500000000000000e+03 3.576494035301374108e+00
7.701500000000000000e+03 3.563118595596699745e+00
7.901500000000000000e+03 3.558224648324027850e+00
8.101500000000000000e+03 3.479268543530765978e+00
8.301500000000000000e+03 3.500384983987980370e+00
8.501500000000000000e+03 3.250178520023522477e+00
8.701500000000000000e+03 3.465081549065694322e+00
8.901500000000000000e+03 3.314118628194147931e+00
9.101500000000000000e+03 3.366538943383864169e+00
9.301500000000000000e+03 3.212680295160129429e+00
9.501500000000000000e+03 3.299780943610724826e+00
9.701500000000000000e+03 3.268108203789569011e+00
9.901500000000000000e+03 3.183838411271842084e+00
1.010150000000000000e+04 3.103487959748631564e+00
1.030150000000000000e+04 3.004746375402318481e+00
1.050150000000000000e+04 3.125051742606008265e+00
1.070150000000000000e+04 3.020088838693140154e+00
1.090150000000000000e+04 2.980816009406206835e+00
1.110150000000000000e+04 3.002659200885111179e+00
1.130150000000000000e+04 2.853107733334873330e+00
1.150150000000000000e+04 2.791968808425133286e+00
1.170150000000000000e+04 2.820357706723050750e+00
1.190150000000000000e+04 2.819660013864184300e+00
1.210150000000000000e+04 2.808607836690195647e+00
1.230150000000000000e+04 2.953174056211984144e+00
