1.015000000000000000e+02 9.144833061075817796e-04
3.015000000000000000e+02 8.599955648329474581e-04
5.015000000000000000e+02 1.060352763039140419e-03
7.015000000000000000e+02 1.342873346942722885e-03
9.015000000000000000e+02 1.685106788401047589e-03
1.101500000000000000e+03 1.932937761521832162e-03
1.301500000000000000e+03 2.028703946719203656e-03
1.501500000000000000e+03 1.838329593084303982e-03
1.701500000000000000e+03 2.078550697446284942e-03
1.901500000000000000e+03 2.007974835293180587e-03
2.101500000000000000e+03 1.894902979910231908e-03
2.301500000000000000e+03 2.089113656315618687e-03
2.501500000000000000e+03 2.092669867145260671e-03
2.701500000000000000e+03 2.176028297841452880e-03
2.901500000000000000e+03 2.140512316136902911e-03
3.101500000000000000e+03 2.220824143632244268e-03
3.301500000000000000e+03 2.180749289353841724e-03
3.501500000000000000e+03 2.236847845231154739e-03
3.701500000000000000e+03 2.139958235108270056e-03
3.901500000000000000e+03 2.079584986324303254e-03
4.101500000000000000e+03 2.156029171028379238e-03
4.301500000000000000e+03 2.192601881084635124e-03
4.501500000000000000e+03 2.181850567515451235e-03
4.701500000000000000e+03 2.081504101504079527e-03
4.901500000000000000e+03 2.101325585394307922e-03
5.101500000000000000e+03 2.125402894653859003e-03
5.301500000000000000e+03 2.060163492699470904e-03
5.501500000000000000e+03 2.032696132793785585e-03
5.701500000000000000e+03 2.078374051756271164e-03
5.901500000000000000e+03 2.012866831892843548e-03
6.101500000000000000e+03 1.963269608718293778e-03
6.301500000000000000e+03 2.114648883939962247e-03
6.501500000000000000e+03 2.023920417907070727e-03
6.701500000000000000e+03 1.992967313518601274e-03
6.901500000000000000e+03 1.907769065202666748e-03
7.101500000000000000e+03 1.912294775843585487e-03
7.301500000000000000e+03 1.809788250683114566e-03
7.501500000000000000e+03 1.861657332418672301e-03
7.701500000000000000e+03 1.851870366123445398e-03
7.901500000000000000e+03 1.853633653099624658e-03
8.101500000000000000e+03 1.816099092832048961e-03
8.301500000000000000e+03 1.807141826604433295e-03
8.501500000000000000e+03 1.703433093398263589e-03
8.701500000000000000e+03 1.796685808690857674e-03
8.901500000000000000e+03 1.733462018050969423e-03
9.101500000000000000e+03 1.746378364840732965e-03
9.301500000000000000e+03 1.671562596216646717e-03
9.501500000000000000e+03 1.708930787163277917e-03
9.701500000000000000e+03 1.695570790914786765e-03
9.901500000000000000e+03 1.654686974621634313e-03
1.010150000000000000e+04 1.616956257301051464e-03
1.030150000000000000e+04 1.569145348759521568e-03
1.050150000000000000e+04 1.616218544378842997e-03
1.070150000000000000e+04 1.573617017233065263e-03
1.090150000000000000e+04 1.544338068189837158e-03
1.110150000000000000e+04 1.556140099074461436e-03
1.130150000000000000e+04 1.497637520466482859e-03
1.150150000000000000e+04 1.454853924869424628e-03
1.170150000000000000e+04 1.457784004011639274e-03
1.190150000000000000e+04 1.463530741620253268e-03
1.210150000000000000e+04 1.455673989775603050e-03
1.230150000000000000e+04 1.542484343905745894e-03
