1.015000000000000000e+02 2.115891453345454920e+02
3.015000000000000000e+02 2.208171636228573576e+01
5.015000000000000000e+02 1.871885268155755355e+01
7.015000000000000000e+02 1.596039757650806123e+01
9.015000000000000000e+02 1.840086580335040978e+01
1.101500000000000000e+03 2.291173297767059580e+01
1.301500000000000000e+03 3.048202733671972808e+01
1.501500000000000000e+03 3.547163512906183058e+01
1.701500000000000000e+03 3.968331993347470643e+01
1.901500000000000000e+03 4.862286853311513823e+01
2.101500000000000000e+03 5.300786593341893393e+01
2.301500000000000000e+03 6.718303891570103303e+01
2.501500000000000000e+03 7.297417108707971067e+01
2.701500000000000000e+03 7.836446315988986555e+01
2.901500000000000000e+03 9.575038659679456998e+01
3.101500000000000000e+03 1.057954708576518925e+02
3.301500000000000000e+03 1.179255140503217945e+02
3.501500000000000000e+03 1.302431474853237887e+02
3.701500000000000000e+03 1.454516053913498865e+02
3.901500000000000000e+03 1.586913155002062297e+02
4.101500000000000000e+03 1.726453593791499088e+02
4.301500000000000000e+03 1.824420366254219630e+02
4.501500000000000000e+03 1.970046567418044106e+02
4.701500000000000000e+03 2.120114039128949344e+02
4.901500000000000000e+03 2.255433534140695997e+02
5.101500000000000000e+03 2.386661160619777888e+02
5.301500000000000000e+03 2.575843621680452884e+02
5.501500000000000000e+03 2.872577082341793471e+02
5.701500000000000000e+03 3.036962648068998760e+02
5.901500000000000000e+03 3.112236999457438742e+02
6.101500000000000000e+03 3.177994489837677747e+02
6.301500000000000000e+03 3.572709572502368474e+02
6.501500000000000000e+03 3.781894336451946401e+02
6.701500000000000000e+03 4.005279685072539451e+02
6.901500000000000000e+03 4.190053194193229160e+02
7.101500000000000000e+03 4.438986335913241419e+02
7.301500000000000000e+03 4.664265659338169598e+02
7.501500000000000000e+03 4.726526013538644975e+02
7.701500000000000000e+03 4.890906784856676950e+02
7.901500000000000000e+03 5.362117827323289703e+02
8.101500000000000000e+03 5.561371451208751751e+02
8.301500000000000000e+03 5.760210475212062420e+02
8.501500000000000000e+03 6.111213387112427426e+02
8.701500000000000000e+03 6.305026440921573112e+02
8.901500000000000000e+03 6.260508568797541784e+02
9.101500000000000000e+03 6.645290534590291145e+02
9.301500000000000000e+03 6.932186836557042398e+02
9.501500000000000000e+03 7.337296481534465329e+02
9.701500000000000000e+03 7.567587834404662317e+02
9.901500000000000000e+03 7.510814096678618625e+02
1.010150000000000000e+04 8.230675292939196197e+02
1.030150000000000000e+04 8.067988848577040244e+02
1.050150000000000000e+04 8.695124584093616704e+02
1.070150000000000000e+04 8.837784236641448388e+02
1.090150000000000000e+04 9.308966154052531010e+02
1.110150000000000000e+04 9.275554177295537102e+02
1.130150000000000000e+04 9.998127491912291589e+02
1.150150000000000000e+04 1.035343402882838291e+03
1.170150000000000000e+04 1.072207936595373440e+03
1.190150000000000000e+04 1.093883343102714434e+03
1.210150000000000000e+04 1.093682476854850620e+03
1.230150000000000000e+04 1.184475679253611133e+03
