1.015000000000000000e+02 2.232109026020626386e-01
3.015000000000000000e+02 2.123291137900597647e+00
5.015000000000000000e+02 5.748710472306525432e+00
7.015000000000000000e+02 1.138008813181214940e+01
9.015000000000000000e+02 1.934800070178759768e+01
1.101500000000000000e+03 2.797113561932066617e+01
1.301500000000000000e+03 3.909499060907130286e+01
1.501500000000000000e+03 5.253027746564469425e+01
1.701500000000000000e+03 6.716823136164731523e+01
1.901500000000000000e+03 8.356796733507556496e+01
2.101500000000000000e+03 1.020115927434568448e+02
2.301500000000000000e+03 1.240831299867357274e+02
2.501500000000000000e+03 1.456469508553751098e+02
2.701500000000000000e+03 1.694201505030167709e+02
2.901500000000000000e+03 1.930724314938248085e+02
3.101500000000000000e+03 2.251346514367106693e+02
3.301500000000000000e+03 2.544145591307695042e+02
3.501500000000000000e+03 2.824870323802329040e+02
3.701500000000000000e+03 3.158521332968404636e+02
3.901500000000000000e+03 3.557332738219884050e+02
4.101500000000000000e+03 3.915404117482806896e+02
4.301500000000000000e+03 4.264375370946881390e+02
4.501500000000000000e+03 4.691943428201528832e+02
4.701500000000000000e+03 5.149106084204279341e+02
4.901500000000000000e+03 5.582514448615822857e+02
5.101500000000000000e+03 6.025732836347694956e+02
5.301500000000000000e+03 6.526944909161658188e+02
5.501500000000000000e+03 7.046769019415357889e+02
5.701500000000000000e+03 7.540417679763907017e+02
5.901500000000000000e+03 8.043269620984958692e+02
6.101500000000000000e+03 8.630780298384765956e+02
6.301500000000000000e+03 9.281748681986780412e+02
6.501500000000000000e+03 9.776156266101783103e+02
6.701500000000000000e+03 1.031972051722727201e+03
6.901500000000000000e+03 1.108734983037692018e+03
7.101500000000000000e+03 1.178869799812987594e+03
7.301500000000000000e+03 1.235858258261111587e+03
7.501500000000000000e+03 1.297464568030601868e+03
7.701500000000000000e+03 1.375730037037516013e+03
7.901500000000000000e+03 1.448412041415076828e+03
8.101500000000000000e+03 1.522252919084385894e+03
8.301500000000000000e+03 1.599044329049279668e+03
8.501500000000000000e+03 1.673897240938638561e+03
8.701500000000000000e+03 1.755493966518302386e+03
8.901500000000000000e+03 1.831723286938899946e+03
9.101500000000000000e+03 1.918334668704853584e+03
9.301500000000000000e+03 2.015293090648744965e+03
9.501500000000000000e+03 2.107555274626543451e+03
9.701500000000000000e+03 2.166778502812559964e+03
9.901500000000000000e+03 2.267312937363425590e+03
1.010150000000000000e+04 2.383188787919761580e+03
1.030150000000000000e+04 2.470164846288555054e+03
1.050150000000000000e+04 2.544649353607799185e+03
1.070150000000000000e+04 2.648168315329398411e+03
1.090150000000000000e+04 2.767363737347199276e+03
1.110150000000000000e+04 2.855009817066365486e+03
1.130150000000000000e+04 2.959082393331952062e+03
1.150150000000000000e+04 3.067017686794898964e+03
1.170150000000000000e+04 3.186105046090922770e+03
1.190150000000000000e+04 3.285694808387368539e+03
1.210150000000000000e+04 3.391344141749543269e+03
1.230150000000000000e+04 3.695521786470981624e+03
