1.015000000000000000e+02 1.668665762487732351e+00
3.015000000000000000e+02 1.569241498626062326e+00
5.015000000000000000e+02 1.934835047424708021e+00
7.015000000000000000e+02 2.450352845556907688e+00
9.015000000000000000e+02 3.074829226671841997e+00
1.101500000000000000e+03 3.527048588678499463e+00
1.301500000000000000e+03 3.701793997136709535e+00
1.501500000000000000e+03 3.354416230758188178e+00
1.701500000000000000e+03 3.792749801999395487e+00
1.901500000000000000e+03 3.663969397055097055e+00
2.101500000000000000e+03 3.457646194305181275e+00
2.301500000000000000e+03 3.812024127325303713e+00
2.501500000000000000e+03 3.818513178730452928e+00
2.701500000000000000e+03 3.970618051738565413e+00
2.901500000000000000e+03 3.905811718810411115e+00
3.101500000000000000e+03 4.052357427941597479e+00
3.301500000000000000e+03 3.979232486673203173e+00
3.501500000000000000e+03 4.081596007606075105e+00
3.701500000000000000e+03 3.904800702346859165e+00
3.901500000000000000e+03 3.794637082893133506e+00
4.101500000000000000e+03 3.934125458840787903e+00
4.301500000000000000e+03 4.000860017276222536e+00
4.501500000000000000e+03 3.981241990500377526e+00
4.701500000000000000e+03 3.798138914588369719e+00
4.901500000000000000e+03 3.834307357031344843e+00
5.101500000000000000e+03 3.878241437097163846e+00
5.301500000000000000e+03 3.759198515758986225e+00
5.501500000000000000e+03 3.709078586984557724e+00
5.701500000000000000e+03 3.792427487421311305e+00
5.901500000000000000e+03 3.672895884914668674e+00
6.101500000000000000e+03 3.582395381882221397e+00
6.301500000000000000e+03 3.858618498033643984e+00
6.501500000000000000e+03 3.693065452047620489e+00
6.701500000000000000e+03 3.636585055410040290e+00
6.901500000000000000e+03 3.481123061740384106e+00
7.101500000000000000e+03 3.489381160227960965e+00
7.301500000000000000e+03 3.302336599963079156e+00
7.501500000000000000e+03 3.396982571572180198e+00
7.701500000000000000e+03 3.379124202276760247e+00
7.901500000000000000e+03 3.382341701392697519e+00
8.101500000000000000e+03 3.313852056332972307e+00
8.301500000000000000e+03 3.297507664329054400e+00
8.501500000000000000e+03 3.108269401867127524e+00
8.701500000000000000e+03 3.278428459823053753e+00
8.901500000000000000e+03 3.163063461815827981e+00
9.101500000000000000e+03 3.186632028667949257e+00
9.301500000000000000e+03 3.050115032949431093e+00
9.501500000000000000e+03 3.118301104421273617e+00
9.701500000000000000e+03 3.093922991838218728e+00
9.901500000000000000e+03 3.019321935053859818e+00
1.010150000000000000e+04 2.950474370398323387e+00
1.030150000000000000e+04 2.863233376263634167e+00
1.050150000000000000e+04 2.949128255570499846e+00
1.070150000000000000e+04 2.871392878091206580e+00
1.090150000000000000e+04 2.817967317006329075e+00
1.110150000000000000e+04 2.839502576207704188e+00
1.130150000000000000e+04 2.732752423770634653e+00
1.150150000000000000e+04 2.654684820296090209e+00
1.170150000000000000e+04 2.660031351526470189e+00
1.190150000000000000e+04 2.670517466443123489e+00
1.210150000000000000e+04 2.656181178546296984e+00
1.230150000000000000e+04 2.814584816379301468e+00
