1.015000000000000000e+02 1.895198734919761319e-01
3.015000000000000000e+02 1.797169670524858764e+00
5.015000000000000000e+02 4.846319654483221662e+00
7.015000000000000000e+02 9.609211471955756423e+00
9.015000000000000000e+02 1.636985802856951011e+01
1.101500000000000000e+03 2.364417464007221170e+01
1.301500000000000000e+03 3.304430638551759358e+01
1.501500000000000000e+03 4.441363212131670224e+01
1.701500000000000000e+03 5.678621137395973761e+01
1.901500000000000000e+03 7.061806568407500606e+01
2.101500000000000000e+03 8.622223717097200790e+01
2.301500000000000000e+03 1.049108596618026752e+02
2.501500000000000000e+03 1.232133548670994827e+02
2.701500000000000000e+03 1.431263804005545239e+02
2.901500000000000000e+03 1.631229396481695062e+02
3.101500000000000000e+03 1.904729545636430430e+02
3.301500000000000000e+03 2.151086804541027959e+02
3.501500000000000000e+03 2.387617386084928341e+02
3.701500000000000000e+03 2.669531806419838631e+02
3.901500000000000000e+03 3.007926793849405271e+02
4.101500000000000000e+03 3.310044585325463800e+02
4.301500000000000000e+03 3.603204687588871593e+02
4.501500000000000000e+03 3.966690813362869221e+02
4.701500000000000000e+03 4.354137710260788481e+02
4.901500000000000000e+03 4.722046237252753258e+02
5.101500000000000000e+03 5.091453420979151474e+02
5.301500000000000000e+03 5.516704818643307817e+02
5.501500000000000000e+03 5.958149172239903919e+02
5.701500000000000000e+03 6.372845091647704976e+02
5.901500000000000000e+03 6.797120059805898791e+02
6.101500000000000000e+03 7.298431855959423729e+02
6.301500000000000000e+03 7.849402527410958328e+02
6.501500000000000000e+03 8.261271235324921918e+02
6.701500000000000000e+03 8.720848845370687741e+02
6.901500000000000000e+03 9.372805442419373776e+02
7.101500000000000000e+03 9.972167130043740144e+02
7.301500000000000000e+03 1.044984991253097405e+03
7.501500000000000000e+03 1.096132468770384321e+03
7.701500000000000000e+03 1.162901939069630771e+03
7.901500000000000000e+03 1.224489579244525203e+03
8.101500000000000000e+03 1.287286430108244986e+03
8.301500000000000000e+03 1.351706859983405138e+03
8.501500000000000000e+03 1.415288534460450592e+03
8.701500000000000000e+03 1.483810230619846152e+03
8.901500000000000000e+03 1.547885667261402659e+03
9.101500000000000000e+03 1.621352536053053655e+03
9.301500000000000000e+03 1.704358326098295038e+03
9.501500000000000000e+03 1.782021485630678626e+03
9.701500000000000000e+03 1.830724657564904646e+03
9.901500000000000000e+03 1.916354632200523383e+03
1.010150000000000000e+04 2.014972505147111178e+03
1.030150000000000000e+04 2.088663903252394448e+03
1.050150000000000000e+04 2.150618087483927866e+03
1.070150000000000000e+04 2.237833102535243142e+03
1.090150000000000000e+04 2.339687377318000472e+03
1.110150000000000000e+04 2.413521773445219424e+03
1.130150000000000000e+04 2.501446801648267410e+03
1.150150000000000000e+04 2.592212671648191190e+03
1.170150000000000000e+04 2.694108666755302693e+03
1.190150000000000000e+04 2.777299271345109446e+03
1.210150000000000000e+04 2.865996202412562070e+03
1.230150000000000000e+04 3.123972101715206009e+03
