1.015000000000000000e+02 9.687241487620102589e+02
3.015000000000000000e+02 2.133614891923559753e+01
5.015000000000000000e+02 4.379318563508698503e+01
7.015000000000000000e+02 6.657596382182111938e+01
9.015000000000000000e+02 8.264079207996728371e+01
1.101500000000000000e+03 1.063870647220501411e+02
1.301500000000000000e+03 1.428672376667519472e+02
1.501500000000000000e+03 1.612393268575667946e+02
1.701500000000000000e+03 1.895201175582796793e+02
1.901500000000000000e+03 2.284578877505831827e+02
2.101500000000000000e+03 2.530718401418442909e+02
2.301500000000000000e+03 3.184149860456137162e+02
2.501500000000000000e+03 3.468123458494897591e+02
2.701500000000000000e+03 3.732760183763363102e+02
2.901500000000000000e+03 4.629159706959332539e+02
3.101500000000000000e+03 5.061403188522441496e+02
3.301500000000000000e+03 5.605325816415924010e+02
3.501500000000000000e+03 6.238871561112406425e+02
3.701500000000000000e+03 7.089890593798253349e+02
3.901500000000000000e+03 7.738247176144243440e+02
4.101500000000000000e+03 8.319624729346552385e+02
4.301500000000000000e+03 8.713349866871730001e+02
4.501500000000000000e+03 9.268167541138437855e+02
4.701500000000000000e+03 1.012107912975232352e+03
4.901500000000000000e+03 1.083962330841578478e+03
5.101500000000000000e+03 1.138197875702026522e+03
5.301500000000000000e+03 1.226843052570230611e+03
5.501500000000000000e+03 1.377094690381980172e+03
5.701500000000000000e+03 1.472955389903936066e+03
5.901500000000000000e+03 1.513209580463221300e+03
6.101500000000000000e+03 1.520858973238854333e+03
6.301500000000000000e+03 1.694690447716697008e+03
6.501500000000000000e+03 1.772138919021912898e+03
6.701500000000000000e+03 1.957362673610370166e+03
6.901500000000000000e+03 2.040882826959302520e+03
7.101500000000000000e+03 2.102663505157940563e+03
7.301500000000000000e+03 2.236049722989071597e+03
7.501500000000000000e+03 2.314541393433743451e+03
7.701500000000000000e+03 2.347244528311813156e+03
7.901500000000000000e+03 2.566430025659952662e+03
8.101500000000000000e+03 2.705804312087418111e+03
8.301500000000000000e+03 2.695386777872141465e+03
8.501500000000000000e+03 2.894754104147245016e+03
8.701500000000000000e+03 3.036906237555881034e+03
8.901500000000000000e+03 2.938069612408541161e+03
9.101500000000000000e+03 3.189091621766351182e+03
9.301500000000000000e+03 3.256280823307821265e+03
9.501500000000000000e+03 3.518671503747088536e+03
9.701500000000000000e+03 3.569005815059640554e+03
9.901500000000000000e+03 3.589930093681574817e+03
1.010150000000000000e+04 3.883371565104762794e+03
1.030150000000000000e+04 3.862744945949519206e+03
1.050150000000000000e+04 4.156497562096935326e+03
1.070150000000000000e+04 4.145189963587193233e+03
1.090150000000000000e+04 4.466739762886919380e+03
1.110150000000000000e+04 4.419760498017186364e+03
1.130150000000000000e+04 4.760933291164376897e+03
1.150150000000000000e+04 4.865008887746516848e+03
1.170150000000000000e+04 4.981770183537261801e+03
1.190150000000000000e+04 5.057697981384824743e+03
1.210150000000000000e+04 5.216394201646721740e+03
1.230150000000000000e+04 5.561853882901184988e+03
