1.015000000000000000e+02 2.648777886391172620e-01
3.015000000000000000e+02 2.514414036879446979e+00
5.015000000000000000e+02 6.762014926189997333e+00
7.015000000000000000e+02 1.342756883733169815e+01
9.015000000000000000e+02 2.287554637644760547e+01
1.101500000000000000e+03 3.304789455459881964e+01
1.301500000000000000e+03 4.618766307632134982e+01
1.501500000000000000e+03 6.206580527196473440e+01
1.701500000000000000e+03 7.938563998424312729e+01
1.901500000000000000e+03 9.871010908323327726e+01
2.101500000000000000e+03 1.205367421980393914e+02
2.301500000000000000e+03 1.465780170597254539e+02
2.501500000000000000e+03 1.723097702829776665e+02
2.701500000000000000e+03 1.999752225496945357e+02
2.901500000000000000e+03 2.279994933128395758e+02
3.101500000000000000e+03 2.663624240478362708e+02
3.301500000000000000e+03 3.005985155669388291e+02
3.501500000000000000e+03 3.337291416572309686e+02
3.701500000000000000e+03 3.732108852953144833e+02
3.901500000000000000e+03 4.204468155611014026e+02
4.101500000000000000e+03 4.625607030738981962e+02
4.301500000000000000e+03 5.035431884671142484e+02
4.501500000000000000e+03 5.545582140242117930e+02
4.701500000000000000e+03 6.085860106418417672e+02
4.901500000000000000e+03 6.603219026842429002e+02
5.101500000000000000e+03 7.114063058345770969e+02
5.301500000000000000e+03 7.710139313754958721e+02
5.501500000000000000e+03 8.327976946741661095e+02
5.701500000000000000e+03 8.906433008418520103e+02
5.901500000000000000e+03 9.498159901295573491e+02
6.101500000000000000e+03 1.020257844557908129e+03
6.301500000000000000e+03 1.097107729915353957e+03
6.501500000000000000e+03 1.154525018243274872e+03
6.701500000000000000e+03 1.219085051630138878e+03
6.901500000000000000e+03 1.309816418628515521e+03
7.101500000000000000e+03 1.394219198679996680e+03
7.301500000000000000e+03 1.460860643310052637e+03
7.501500000000000000e+03 1.531961347310083738e+03
7.701500000000000000e+03 1.625316406942273261e+03
7.901500000000000000e+03 1.711542069681848943e+03
8.101500000000000000e+03 1.799594743278054921e+03
8.301500000000000000e+03 1.889336400352718783e+03
8.501500000000000000e+03 1.978423190844336659e+03
8.701500000000000000e+03 2.073803111476024242e+03
8.901500000000000000e+03 2.163348315046271637e+03
9.101500000000000000e+03 2.265658567834022051e+03
9.301500000000000000e+03 2.382826567294965571e+03
9.501500000000000000e+03 2.490350665017623669e+03
9.701500000000000000e+03 2.558567666531368559e+03
9.901500000000000000e+03 2.678367301392329864e+03
1.010150000000000000e+04 2.816376106569727199e+03
1.030150000000000000e+04 2.919241266603698477e+03
1.050150000000000000e+04 3.005789507056962520e+03
1.070150000000000000e+04 3.127347091138917222e+03
1.090150000000000000e+04 3.269950636928740096e+03
1.110150000000000000e+04 3.373844245243003115e+03
1.130150000000000000e+04 3.496192651314470368e+03
1.150150000000000000e+04 3.622646666240540071e+03
1.170150000000000000e+04 3.765663144966651089e+03
1.190150000000000000e+04 3.881888501699124845e+03
1.210150000000000000e+04 4.005276881531301569e+03
1.230150000000000000e+04 4.366251178152234388e+03
