1.015000000000000000e+02 8.821128929312688882e+00
3.015000000000000000e+02 8.295538789963183390e+00
5.015000000000000000e+02 1.022818935315365430e+01
7.015000000000000000e+02 1.295338996639077500e+01
9.015000000000000000e+02 1.625458236092110909e+01
1.101500000000000000e+03 1.864516610780812655e+01
1.301500000000000000e+03 1.956892914210060397e+01
1.501500000000000000e+03 1.773257338484998868e+01
1.701500000000000000e+03 2.004975222426690706e+01
1.901500000000000000e+03 1.936897565894329176e+01
2.101500000000000000e+03 1.827828170460702495e+01
2.301500000000000000e+03 2.015164276462531845e+01
2.501500000000000000e+03 2.018594612976411184e+01
2.701500000000000000e+03 2.099002363683112549e+01
2.901500000000000000e+03 2.064743555002928588e+01
3.101500000000000000e+03 2.142212549279209455e+01
3.301500000000000000e+03 2.103556245828775673e+01
3.501500000000000000e+03 2.157669047308554156e+01
3.701500000000000000e+03 2.064209096110936059e+01
3.901500000000000000e+03 2.005972904720104211e+01
4.101500000000000000e+03 2.079711155652723065e+01
4.301500000000000000e+03 2.114989291496409507e+01
4.501500000000000000e+03 2.104618542315393626e+01
4.701500000000000000e+03 2.007824093731541026e+01
4.901500000000000000e+03 2.026943943644346291e+01
5.101500000000000000e+03 2.050168979989251739e+01
5.301500000000000000e+03 1.987238884946383877e+01
5.501500000000000000e+03 1.960743797030173496e+01
5.701500000000000000e+03 2.004804839542573447e+01
5.901500000000000000e+03 1.941616410516345326e+01
6.101500000000000000e+03 1.893774798479363497e+01
6.301500000000000000e+03 2.039795636176045690e+01
6.501500000000000000e+03 1.952278726382033014e+01
6.701500000000000000e+03 1.922421283809361725e+01
6.901500000000000000e+03 1.840238839894517042e+01
7.101500000000000000e+03 1.844604348616669753e+01
7.301500000000000000e+03 1.745726297798797333e+01
7.501500000000000000e+03 1.795759349885078393e+01
7.701500000000000000e+03 1.786318812782085530e+01
7.901500000000000000e+03 1.788019688945170316e+01
8.101500000000000000e+03 1.751813760471775083e+01
8.301500000000000000e+03 1.743173552053987763e+01
8.501500000000000000e+03 1.643135844096293852e+01
8.701500000000000000e+03 1.733087654863470561e+01
8.901500000000000000e+03 1.672101828557044811e+01
9.101500000000000000e+03 1.684560974871154926e+01
9.301500000000000000e+03 1.612393478916373013e+01
9.501500000000000000e+03 1.648438940366713368e+01
9.701500000000000000e+03 1.635551850882944436e+01
9.901500000000000000e+03 1.596115218196133334e+01
1.010150000000000000e+04 1.559720075565721764e+01
1.030150000000000000e+04 1.513601557323727143e+01
1.050150000000000000e+04 1.559008474812782552e+01
1.070150000000000000e+04 1.517914933641634967e+01
1.090150000000000000e+04 1.489672389027689370e+01
1.110150000000000000e+04 1.501056659298704687e+01
1.130150000000000000e+04 1.444624924371771080e+01
1.150150000000000000e+04 1.403355756936537269e+01
1.170150000000000000e+04 1.406182120948953340e+01
1.190150000000000000e+04 1.411725435106774462e+01
1.210150000000000000e+04 1.404146794162991618e+01
1.230150000000000000e+04 1.487884284323987139e+01
