1.015000000000000000e+02 6.444614678752884174e+03
3.015000000000000000e+02 6.222361092338981052e+02
5.015000000000000000e+02 5.472434989120411046e+02
7.015000000000000000e+02 4.824324849802108020e+02
9.015000000000000000e+02 5.664745022793031239e+02
1.101500000000000000e+03 7.311051317240777507e+02
1.301500000000000000e+03 9.838734126604882704e+02
1.501500000000000000e+03 1.148054369412335973e+03
1.701500000000000000e+03 1.338081798489274206e+03
1.901500000000000000e+03 1.621774051151227923e+03
2.101500000000000000e+03 1.786072793562198967e+03
2.301500000000000000e+03 2.296900911592247667e+03
2.501500000000000000e+03 2.505998483485413999e+03
2.701500000000000000e+03 2.685722179673924984e+03
2.901500000000000000e+03 3.311985771250190282e+03
3.101500000000000000e+03 3.553781280929733839e+03
3.301500000000000000e+03 4.039517940122197160e+03
3.501500000000000000e+03 4.435531185009865112e+03
3.701500000000000000e+03 5.064581718794442168e+03
3.901500000000000000e+03 5.523779252133782393e+03
4.101500000000000000e+03 5.983622033743735301e+03
4.301500000000000000e+03 6.305923711093135353e+03
4.501500000000000000e+03 6.774136128976200780e+03
4.701500000000000000e+03 7.384503838133626232e+03
4.901500000000000000e+03 7.796294594252723982e+03
5.101500000000000000e+03 8.320402493587107529e+03
5.301500000000000000e+03 8.925201646774550682e+03
5.501500000000000000e+03 1.006707752240587797e+04
5.701500000000000000e+03 1.045318873840584092e+04
5.901500000000000000e+03 1.084953569168714785e+04
6.101500000000000000e+03 1.100176280608414709e+04
6.301500000000000000e+03 1.238691157689602915e+04
6.501500000000000000e+03 1.314115006677484234e+04
6.701500000000000000e+03 1.411693828930345990e+04
6.901500000000000000e+03 1.465152678214584193e+04
7.101500000000000000e+03 1.542786866751384696e+04
7.301500000000000000e+03 1.639566196677567495e+04
7.501500000000000000e+03 1.642175755795200166e+04
7.701500000000000000e+03 1.713581946677581072e+04
7.901500000000000000e+03 1.867876098757132058e+04
8.101500000000000000e+03 1.937148540395381133e+04
8.301500000000000000e+03 2.017443500740355739e+04
8.501500000000000000e+03 2.151140086992643410e+04
8.701500000000000000e+03 2.195509086507149186e+04
8.901500000000000000e+03 2.197787654150097660e+04
9.101500000000000000e+03 2.306247953498035349e+04
9.301500000000000000e+03 2.404002197843627073e+04
9.501500000000000000e+03 2.581743734596295690e+04
9.701500000000000000e+03 2.643785230723760105e+04
9.901500000000000000e+03 2.651312875598919345e+04
1.010150000000000000e+04 2.891376606320633437e+04
1.030150000000000000e+04 2.823773705372792028e+04
1.050150000000000000e+04 3.029296337999232856e+04
1.070150000000000000e+04 3.088667370449030932e+04
1.090150000000000000e+04 3.267715594867128311e+04
1.110150000000000000e+04 3.254266011800794877e+04
1.130150000000000000e+04 3.495858420061365905e+04
1.150150000000000000e+04 3.638035542474393878e+04
1.170150000000000000e+04 3.754564758606798569e+04
1.190150000000000000e+04 3.844130880464991787e+04
1.210150000000000000e+04 3.872325121101004333e+04
1.230150000000000000e+04 4.156693996646859159e+04
