5.062993025825265363e+02 -3.202640403053587903e+01 -2.504903535524296010e-01 -2.672023206180243471e-01 -2.130828098692369790e-02 -1.097892148917812595e-03 -2.350550949639968086e-03 -1.570167633243493800e-03 -4.176825387170937241e-04 -2.018427991044660663e-04 -2.275526495477346155e-04 -1.317392189435791889e-04 -5.533786738696916418e-05 -5.078111881902432897e-05 -4.636663054504836748e-05 -2.636922394829859344e-05 -1.720325210660332527e-05 -1.752667942522836311e-05 -1.387877035645289204e-05 -8.717997845333875741e-06 -7.497789310243203487e-06 -7.222674123721143254e-06 -5.353667612546492021e-06 -3.944950191755836909e-06 -3.786533755296260601e-06 -3.364420787934042762e-06 -2.513081501606433073e-06 -2.141219891289025622e-06 -2.069922153665921286e-06 -1.734575023748513073e-06 -1.377135243340773171e-06 -1.282374608940293393e-06 -1.195287503683571576e-06 -9.821079615621923500e-07 -8.443529081157842960e-07 -8.103344395872342703e-07 -7.245400543951013096e-07 -6.063524778291663874e-07 -5.568204005645392017e-07 -5.294967169125538263e-07 -4.615641478784349139e-07 -4.029687989621826777e-07 -3.835152699365251807e-07 -3.555992079857489025e-07 -3.096202641071737493e-07 -2.830697410367106393e-07 -2.711300159789089574e-07 -2.457290891389148276e-07 -2.182736254024560077e-07 -2.063550476092680815e-07 -1.952904884352873667e-07 -1.753359872116397928e-07 -1.605320359538033220e-07 -1.539446459120432577e-07 -1.432167582234860699e-07 -1.294363292494328569e-07 -1.218680392537727111e-07 -1.166060538351024476e-07 -1.072201745962842213e-07 -9.870287715435310434e-08 -9.444317817901295343e-08 -9.446878981629070632e-08
-2.237823544752128413e+01 5.246076552992830102e+02 -2.889041060622512802e+01 2.029284662092598057e-01 -1.720269345714422471e-01 -1.289229454417127954e-02 -1.424053822011488602e-03 -1.425308337405185085e-03 -9.242783497570209285e-04 -3.368288276804642673e-04 -1.720254709810703812e-04 -1.440165026322008733e-04 -9.253890240467991244e-05 -5.187250606685630194e-05 -3.925825320597847154e-05 -3.201406407152335756e-05 -2.208522040996009885e-05 -1.575666896129804782e-05 -1.324403667025055488e-05 -1.070713076109485460e-05 -8.014609698869587444e-06 -6.489190722716369294e-06 -5.604087998795762183e-06 -4.571940088248123006e-06 -3.676449445104158127e-06 -3.168936770547753796e-06 -2.754024086503683628e-06 -2.294167659538849419e-06 -1.948542727946362961e-06 -1.728327320921182673e-06 -1.507464341853344929e-06 -1.289227249194298066e-06 -1.136850201603601138e-06 -1.020297844384998721e-06 -8.959104400948362851e-07 -7.867444965535225511e-07 -7.099337332067149436e-07 -6.402388867075462646e-07 -5.682513629215944918e-07 -5.105408614748238177e-07 -4.665129925802198591e-07 -4.221953041200810227e-07 -3.797983074627297572e-07 -3.471720648219550288e-07 -3.191818123372719878e-07 -2.902888851961065694e-07 -2.648202972237437302e-07 -2.448595514198967803e-07 -2.258457051954572314e-07 -2.068593150434723687e-07 -1.910857928680535070e-07 -1.778640928101185367e-07 -1.645266913827594375e-07 -1.519954082069121263e-07 -1.417739110032457286e-07 -1.324410822874198991e-07 -1.229935501101182585e-07 -1.146357231960968848e-07 -1.076363209758426053e-07 -1.007752808172163526e-07 -9.506319917886924735e-08 -8.172302856853639454e-08
5.546744357875291742e-01 -2.473748836565422593e+01 5.254277896873193185e+02 -2.800472326592496231e+01 2.929123762634532335e-01 -1.508386660518723499e-01 -1.035225309929127362e-02 -1.008290129007971634e-03 -1.151126473047426680e-03 -7.612938204752506917e-04 -2.605860460555437528e-04 -1.350268421367034480e-04 -1.214918047792794921e-04 -7.585297314067018337e-05 -4.079625002522053908e-05 -3.309657479604696426e-05 -2.758384969223937270e-05 -1.812583800685524003e-05 -1.307030864149581618e-05 -1.163857663384457156e-05 -9.253348564576171687e-06 -6.699969743290247117e-06 -5.650180716550509216e-06 -5.008067335105957203e-06 -3.953337463586676159e-06 -3.168612550437853811e-06 -2.847907077268368017e-06 -2.467862733412026404e-06 -1.999339003741038836e-06 -1.732883129755656579e-06 -1.577333171915917126e-06 -1.349317825112265866e-06 -1.141850525416166156e-06 -1.035840354012574578e-06 -9.351199888086798591e-07 -8.035986035316719243e-07 -7.108808767625376238e-07 -6.562485923128118528e-07 -5.863977754791535007e-07 -5.137556130800167512e-07 -4.698281902096539070e-07 -4.337575805700840344e-07 -3.866131510478637549e-07 -3.476545703030486161e-07 -3.236643099103230256e-07 -2.969651587526729509e-07 -2.667221837973677261e-07 -2.456828019620141326e-07 -2.298450719337768740e-07 -2.099924218453909843e-07 -1.914594965672021069e-07 -1.792685788387122976e-07 -1.673032188119028871e-07 -1.531403866940113937e-07 -1.420212780350715324e-07 -1.339627487731748297e-07 -1.245572022213281339e-07 -1.149455728815308902e-07 -1.080845340534386155e-07 -1.028350615369539088e-07 -8.754899101778862405e-08 -6.680073873938593173e-08
-6.114109293006846774e-02 5.326748672580177146e-01 -2.529671664351040405e+01 5.256234028425602673e+02 -2.760917095680653333e+01 3.316726757791900737e-01 -1.405204126817636567e-01 -9.170175609024621560e-03 -8.715913519548839760e-04 -9.928526851721254307e-04 -6.641839613998701351e-04 -2.299507763647532530e-04 -1.159925909029208560e-04 -1.034442711244583954e-04 -6.635468393518155559e-05 -3.613732602459939690e-05 -2.833350916119108169e-05 -2.380245238336254463e-05 -1.619854861526952235e-05 -1.155511529250754268e-05 -1.004582156830590755e-05 -8.190947898774712116e-06 -6.066219059053257449e-06 -4.984795210374292315e-06 -4.400380423461617782e-06 -3.582471966648404735e-06 -2.874277862070992061e-06 -2.523162230099511375e-06 -2.216147488589412689e-06 -1.837214025012256475e-06 -1.568904172291086915e-06 -1.413111130812643412e-06 -1.235700304532605766e-06 -1.053926074085672844e-06 -9.384197512089775914e-07 -8.505944720712913930e-07 -7.457827461837958862e-07 -6.557395214825129838e-07 -5.978602411536064690e-07 -5.416012855706778952e-07 -4.797111962241989236e-07 -4.330776844707466871e-07 -3.990240928398816629e-07 -3.613570300665158305e-07 -3.249457235950641551e-07 -2.990112693361306516e-07 -2.762976544609727660e-07 -2.510283463616957482e-07 -2.294805704242150811e-07 -2.135605509917446860e-07 -1.973698274668640805e-07 -1.806359783707729264e-07 -1.675348712869540164e-07 -1.567008726856352201e-07 -1.449515308139774888e-07 -1.339956434567569114e-07 -1.255842536099476968e-07 -1.176150124829478805e-07 -1.098528268972093280e-07 -9.592248669094512338e-08 -7.600459795046673967e-08 -6.539140139371588765e-08
-1.109509645759004272e-03 -7.756507481067849430e-02 5.117312985808047943e-01 -2.559153549914453052e+01 5.257011478473139050e+02 -2.738230046090059133e+01 3.533782093656093748e-01 -1.345166052114437905e-01 -8.454607490538699338e-03 -7.852664966616045971e-04 -9.092902939886229321e-04 -6.068048801217039911e-04 -2.066320485717121054e-04 -1.044529687619440730e-04 -9.382806049674145648e-05 -5.941877780296524989e-05 -3.220455415080676316e-05 -2.570026707809461658e-05 -2.148004203435797981e-05 -1.442528771485345588e-05 -1.042597680892768016e-05 -9.162709917003895331e-06 -7.370660330652353745e-06 -5.445301867344149783e-06 -4.559766705467862651e-06 -4.019322899726949036e-06 -3.230217731317513745e-06 -2.616889104327137844e-06 -2.327526612330569989e-06 -2.024173063887163932e-06 -1.669500600217132787e-06 -1.447590791281204845e-06 -1.307785970385784046e-06 -1.130611486997702931e-06 -9.686045654161895002e-07 -8.736761300309440353e-07 -7.876966984955201824e-07 -6.858808812037147765e-07 -6.095129097100485297e-07 -5.590392138521194983e-07 -5.019796987251519624e-07 -4.447475450772613662e-07 -4.060403273419583941e-07 -3.736079220429780822e-07 -3.359045151294486077e-07 -3.039798872221628851e-07 -2.817575140169899305e-07 -2.588314483851614526e-07 -2.345993294761104145e-07 -2.163486320951135305e-07 -2.016568459043575537e-07 -1.851754906098332217e-07 -1.699626111259859498e-07 -1.587854487720525180e-07 -1.480643677673159000e-07 -1.364566587330783945e-07 -1.269032065795153928e-07 -1.199462019766490212e-07 -1.059124275567260261e-07 -8.580878351976735986e-08 -7.344463587485183164e-08 -6.607583419643040361e-08
-9.945906080580307147e-05 -2.473605735205878196e-03 -8.511184485470331407e-02 4.973615114359534739e-01 -2.577278956980731905e+01 5.257399308159211841e+02 -2.723502100833277240e+01 3.673145407139005725e-01 -1.305415695905386975e-01 -7.990310515541014860e-03 -7.321082173657524365e-04 -8.507777009204918299e-04 -5.687289836232311581e-04 -1.925263388524350904e-04 -9.599910249122828667e-05 -8.654754932558135711e-05 -5.508625166184059175e-05 -2.963609633744008576e-05 -2.346189128821505102e-05 -1.977368661881292509e-05 -1.334485561840073008e-05 -9.542049306454546890e-06 -8.379242460813669628e-06 -6.817002773307804061e-06 -5.032515071148876021e-06 -4.172238117898750809e-06 -3.701508050619603572e-06 -3.002817534465160577e-06 -2.415794416118623880e-06 -2.139188447164613135e-06 -1.880087634230946540e-06 -1.555911869595103502e-06 -1.337063042901829897e-06 -1.211040052747243096e-06 -1.057484290773437022e-06 -9.031328747301696222e-07 -8.096953028353700007e-07 -7.355506124250023699e-07 -6.441001698973805672e-07 -5.685604137775999820e-07 -5.211537797129046728e-07 -4.720979258355506108e-07 -4.182781950487963780e-07 -3.795290816244879702e-07 -3.507403841768352200e-07 -3.173926146192411887e-07 -2.860374310859729283e-07 -2.644324488609228373e-07 -2.445815250894151902e-07 -2.221742164938077980e-07 -2.038118152215827497e-07 -1.902880417705580279e-07 -1.758336286814126599e-07 -1.610976195847270915e-07 -1.499780563350737528e-07 -1.404911846169755327e-07 -1.304756464126008886e-07 -1.156015521610095494e-07 -9.755939518318265106e-08 -8.506043720972712361e-08 -7.350974488254797888e-08 -6.704211411490356856e-08
-1.637598638514295999e-04 -3.249906852984117038e-04 -3.074278875350213488e-03 -8.965909999837352873e-02 4.872266517043196132e-01 -2.589571086684484769e+01 5.257620926621785884e+02 -2.713158677860787193e+01 3.770129001924076850e-01 -1.277146387990447662e-01 -7.656791539767722303e-03 -6.960281601044472893e-04 -8.108608545706169060e-04 -5.408596589231129924e-04 -1.818226456813337526e-04 -9.038284313712023697e-05 -8.144589188821079091e-05 -5.158799313964770189e-05 -2.770849772203181531e-05 -2.198848951488317787e-05 -1.845130223889769030e-05 -1.241344922781646139e-05 -8.922008555996003269e-06 -7.831123232644212462e-06 -6.334058810529164702e-06 -4.687959117605153033e-06 -3.909174292559943950e-06 -3.451990115879880014e-06 -2.791597484197416131e-06 -2.261655005767974310e-06 -2.006160456988141091e-06 -1.752364866820088166e-06 -1.452889876392188545e-06 -1.257491021051561189e-06 -1.135658880914818354e-06 -9.875658040420572181e-07 -8.484293332628599432e-07 -7.634878529180263318e-07 -6.899230875405971275e-07 -6.041349845386879913e-07 -5.369858854332153662e-07 -4.918745516912670969e-07 -4.435439419236780094e-07 -3.945198397692877237e-07 -3.597014580915120299e-07 -3.311855264338782405e-07 -2.992149306687768028e-07 -2.712178686306238226e-07 -2.510357129224058163e-07 -2.312065138395758220e-07 -2.104206236063329555e-07 -1.940037542510141663e-07 -1.807761023231049559e-07 -1.666229836654767161e-07 -1.532930856602108167e-07 -1.435689738355863968e-07 -1.292185971152278817e-07 -1.093662597930489844e-07 -9.596283155362378445e-08 -8.557045919485543164e-08 -7.565656098674457904e-08 -6.910435467313926192e-08
-1.016558711228669987e-04 -2.829989046502565239e-04 -3.328374202986574752e-04 -3.481905230687078363e-03 -9.283026472912050964e-02 4.797681737038650973e-01 -2.598456009426457669e+01 5.257759354638387777e+02 -2.705493096469653835e+01 3.841606364679716612e-01 -1.255981684557517519e-01 -7.408361598977726385e-03 -6.692868552915885857e-04 -7.806064765666221976e-04 -5.202948074017082385e-04 -1.739559402821221534e-04 -8.588281269753917735e-05 -7.755333620113821237e-05 -4.909289311674124500e-05 -2.619406500819168078e-05 -2.075344554011554951e-05 -1.747718183500122439e-05 -1.173465719192941780e-05 -8.385852475413651204e-06 -7.379689446280191600e-06 -5.988600996161803142e-06 -4.413500944062673031e-06 -3.670655881554799177e-06 -3.257650007120227621e-06 -2.636970769568875445e-06 -2.125519622353543131e-06 -1.887929645284276990e-06 -1.657394297569980504e-06 -1.371238443452346622e-06 -1.182701613885442024e-06 -1.072727266092255368e-06 -9.355227122576373459e-07 -8.004859729439477470e-07 -7.201544897456264587e-07 -6.541255355654006310e-07 -5.726618886080016925e-07 -5.071324809890112983e-07 -4.658359820661896202e-07 -4.216783430182208161e-07 -3.740772265365255657e-07 -3.405522169006747038e-07 -3.149313300897393114e-07 -2.848901066162458169e-07 -2.573765905112456983e-07 -2.385228010311074874e-07 -2.205689356686195624e-07 -2.004918682652807306e-07 -1.844522322239341873e-07 -1.724155667018968833e-07 -1.597359902393535233e-07 -1.421425437353234241e-07 -1.233395719325241648e-07 -1.103293428728369636e-07 -9.760047150157451865e-08 -8.669334042005735980e-08 -7.789228077644457335e-08 -7.252099684981008050e-08
-2.443122523125715805e-05 -1.673061390045481745e-04 -3.366530701661314402e-04 -3.558908098815402317e-04 -3.766854001065125020e-03 -9.515681155749286524e-02 4.740501108653339957e-01 -2.605179573118194725e+01 5.257851660396717079e+02 -2.699583386993186096e+01 3.896452089525883067e-01 -1.239523370035766209e-01 -7.214717816516102826e-03 -6.493400861522308437e-04 -7.573381833008065861e-04 -5.039809485717365763e-04 -1.678126652812702711e-04 -8.254575288500544145e-05 -7.446793983791973233e-05 -4.703757922392251859e-05 -2.504757551762446882e-05 -1.981994431132724110e-05 -1.665678021721080961e-05 -1.117447296265887673e-05 -7.989910742951134720e-06 -7.016566271227579987e-06 -5.683812646714693402e-06 -4.196195259345216333e-06 -3.490924568890251190e-06 -3.088765745095188835e-06 -2.500948481200377985e-06 -2.021899097507283876e-06 -1.792944751046210136e-06 -1.570257897368453272e-06 -1.302663023226406454e-06 -1.125700113580186190e-06 -1.017899897153126377e-06 -8.874772166092109931e-07 -7.622765905751546268e-07 -6.854971063785016765e-07 -6.208692915534483061e-07 -5.447302958706164020e-07 -4.838328660045472227e-07 -4.433979791780536188e-07 -4.009087894364668752e-07 -3.569355870487533087e-07 -3.252243919542556617e-07 -2.999110273934607370e-07 -2.716097002321256257e-07 -2.462082624581057796e-07 -2.278857238867974459e-07 -2.103599517171116390e-07 -1.917419384045054386e-07 -1.771528698154551878e-07 -1.610657392226109794e-07 -1.401103352595511704e-07 -1.239405390355959308e-07 -1.116755517558347489e-07 -1.009487860668289714e-07 -8.989525678456248151e-08 -8.015516006441782523e-08 -7.575796547190786419e-08
-9.901555635430737739e-06 -5.402603323409487277e-05 -2.037065650980786054e-04 -3.642476665460959843e-04 -3.693519217237851548e-04 -3.988454540532478804e-03 -9.694329539458057532e-02 4.695370904873802931e-01 -2.610445449324887690e+01 5.257916267029280561e+02 -2.694887626849097373e+01 3.939881791227138885e-01 -1.226358780696905904e-01 -7.059884498609669823e-03 -6.334314512963162358e-04 -7.387573009330991201e-04 -4.910306903715667103e-04 -1.628634562864869899e-04 -7.979642488764980969e-05 -7.202935774518418196e-05 -4.542000444558274555e-05 -2.408103574692594613e-05 -1.904816154670041923e-05 -1.602139334425439960e-05 -1.071806712420367976e-05 -7.642844967211671916e-06 -6.724128968761772061e-06 -5.446612715860523787e-06 -4.007519040206196400e-06 -3.333795145422678148e-06 -2.956596236021784943e-06 -2.390167916225502278e-06 -1.927512228056067296e-06 -1.712873385937795977e-06 -1.502154289088815727e-06 -1.242853968421088754e-06 -1.073511362541651417e-06 -9.735454363763481140e-07 -8.484891369657346478e-07 -7.269816970774686577e-07 -6.548211219788380764e-07 -5.944229388978112640e-07 -5.205661743634636906e-07 -4.618794474602823189e-07 -4.244596876529642589e-07 -3.840450706167302588e-07 -3.411463936081903017e-07 -3.110926315837461790e-07 -2.876344493575139003e-07 -2.602475882828453212e-07 -2.355619969833203506e-07 -2.185030418897636396e-07 -2.023971522079689071e-07 -1.802746284455231756e-07 -1.580152072439622828e-07 -1.431913412292772019e-07 -1.284421220547824635e-07 -1.145472687864173962e-07 -1.038066615584440564e-07 -9.423954966486831510e-08 -8.409470121340735729e-08 -7.881249359460089594e-08
-1.015113627833377311e-05 -2.436929539132770401e-05 -6.268844886223604246e-05 -2.243391303119050600e-04 -3.883350083408949383e-04 -3.811424508478516776e-04 -4.161275485734144616e-03 -9.835923416387699902e-02 4.658839113526471731e-01 -2.614681553067417497e+01 5.257963260294297925e+02 -2.691066383568814757e+01 3.975121639897380432e-01 -1.215581258460687875e-01 -6.933087997996125948e-03 -6.207346831877878736e-04 -7.235506864045569957e-04 -4.803197888212822671e-04 -1.588522834761037185e-04 -7.758837792354010836e-05 -6.998669548467686529e-05 -4.407319114621652023e-05 -2.331549817791475943e-05 -1.841188696429899797e-05 -1.547355944742377347e-05 -1.034461436353237432e-05 -7.367255005585181931e-06 -6.471867659786523799e-06 -5.240711634188622511e-06 -3.857046666615029949e-06 -3.204276006582866202e-06 -2.838132849849192063e-06 -2.296248082792469906e-06 -1.852425066220073685e-06 -1.643122040549614587e-06 -1.440548418927994789e-06 -1.193837451904569268e-06 -1.030634398033756146e-06 -9.330345271229402626e-07 -8.140356350178028826e-07 -6.984997191684645839e-07 -6.282016259373753032e-07 -5.698103651658621194e-07 -5.000254230602449851e-07 -4.438386223706950359e-07 -4.071237119314812557e-07 -3.685897749070525582e-07 -3.280958724384006300e-07 -2.989318744960361647e-07 -2.760519684860324606e-07 -2.502056262589985122e-07 -2.271225481464500806e-07 -2.066773187261519296e-07 -1.834081785534841047e-07 -1.627180328730400337e-07 -1.463316769301579605e-07 -1.335848487592869705e-07 -1.203678762803119846e-07 -1.076753333524887971e-07 -9.785308312987481350e-08 -8.895564949433700743e-08 -8.333267642038660593e-08
-5.531985735286258345e-06 -1.891162701458172726e-05 -2.916431079189364548e-05 -7.047597524128607549e-05 -2.400328925165449317e-04 -4.056687466518754518e-04 -3.912897307362415500e-04 -4.302014550447486041e-03 -9.950919602809346620e-02 4.628680228722032441e-01 -2.618163255314048143e+01 5.257998506773690224e+02 -2.687895973360670965e+01 4.004290643340188693e-01 -1.206596364435357921e-01 -6.827296266082936126e-03 -6.102028118881000539e-04 -7.109280811016300715e-04 -4.713991449611792950e-04 -1.554712227496502029e-04 -7.573735604900886276e-05 -6.830608021127453197e-05 -4.294561566700442774e-05 -2.265501903647398858e-05 -1.788340849224304049e-05 -1.502490168839523331e-05 -1.002226169399585792e-05 -7.127882225710509212e-06 -6.265870697688000306e-06 -5.068622633528629341e-06 -3.722661593774452671e-06 -3.093834268741471183e-06 -2.741730910580047361e-06 -2.214338608865122177e-06 -1.784713789474859989e-06 -1.585201230250595222e-06 -1.389252205793195461e-06 -1.149253345053252546e-06 -9.927217338034338301e-07 -8.998117261315747326e-07 -7.840381091563739231e-07 -6.721158012276788836e-07 -6.054258425941648071e-07 -5.493316082947901959e-07 -4.812747246715220607e-07 -4.273415339579431397e-07 -3.926372130295625110e-07 -3.552188826624548808e-07 -3.158407083514483978e-07 -2.881609530226526490e-07 -2.667143734456063700e-07 -2.379635983383019384e-07 -2.083389638315854437e-07 -1.891752191224968976e-07 -1.714824329922086822e-07 -1.529602656917379495e-07 -1.380697246332788059e-07 -1.264092487045898817e-07 -1.141348195933542040e-07 -1.022731448858250693e-07 -9.300538761180020374e-08 -8.873096723506513086e-08
-2.157101644518778981e-06 -1.130152068008150805e-05 -2.437997012262700108e-05 -3.229027981389125926e-05 -7.479900884059595271e-05 -2.525615553292748033e-04 -4.205210439629892085e-04 -3.996363212854273875e-04 -4.418028480368377947e-03 -1.004624961529239913e-01 4.603360927406139336e-01 -2.621075655302171370e+01 5.258025621684056432e+02 -2.685223107713749258e+01 4.028833780873688486e-01 -1.198988454530426906e-01 -6.737723863450416351e-03 -6.014071734458260442e-04 -7.002181143748648952e-04 -4.638135946922855276e-04 -1.526340686238692986e-04 -7.417354686482849596e-05 -6.686062746950747126e-05 -4.199223112540387737e-05 -2.210610803537690723e-05 -1.742681148203981361e-05 -1.463589877537071353e-05 -9.754184891704641697e-06 -6.925827706401930007e-06 -6.083371296512179774e-06 -4.920864335225489152e-06 -3.611662048091648171e-06 -2.997325781141436193e-06 -2.655470324627908652e-06 -2.145470259643733863e-06 -1.727755584902127599e-06 -1.532832478756960983e-06 -1.343915421000950681e-06 -1.112219639705254776e-06 -9.595846785717997516e-07 -8.692917367224489804e-07 -7.582005082066225069e-07 -6.499428212089785107e-07 -5.846960785448336692e-07 -5.306857054878244658e-07 -4.654521816400677515e-07 -4.129933045132057371e-07 -3.791259194862383107e-07 -3.433534449686723975e-07 -3.058286234674019528e-07 -2.754159594366443920e-07 -2.476919700534213778e-07 -2.204153761135623618e-07 -1.962656419477002323e-07 -1.790941520065339569e-07 -1.628559350221694877e-07 -1.455458353274527288e-07 -1.315933739322291711e-07 -1.206664986543857424e-07 -1.090907916314137392e-07 -9.775605772095975636e-08 -9.333717866924539801e-08
-1.766975392160895256e-06 -5.806854011307613123e-06 -1.419871442724033716e-05 -2.690062553963294367e-05 -3.464408074058839828e-05 -7.878681948854175090e-05 -2.625195617095858660e-04 -4.326257088217424704e-04 -4.070592268911752071e-04 -4.515654657128444563e-03 -1.012654394807442487e-01 4.581805911072612814e-01 -2.623547910211408407e+01 5.258046928120278380e+02 -2.682939117740492563e+01 4.049770364681426482e-01 -1.192463588225637500e-01 -6.660836062917451471e-03 -5.939145788168786154e-04 -6.910632931071015311e-04 -4.572921586656633836e-04 -1.501821976560039566e-04 -7.283898562527351870e-05 -6.562899664869968836e-05 -4.116515340951273027e-05 -2.162852471012624323e-05 -1.704056761143913268e-05 -1.430265190192919365e-05 -9.517079120575424602e-06 -6.751284582495108790e-06 -5.929695664783273918e-06 -4.791434684464952070e-06 -3.512424136879493285e-06 -2.915296598186868180e-06 -2.581963081587509913e-06 -2.083409456019201633e-06 -1.677306857144423786e-06 -1.488733410260544898e-06 -1.304141088779483452e-06 -1.078310845927136608e-06 -9.308669526926640824e-07 -8.433525828318251991e-07 -7.347396240571535343e-07 -6.297689379146913608e-07 -5.670387243308931074e-07 -5.143847059088205053e-07 -4.507521708787258693e-07 -4.002262002624923977e-07 -3.679298018834238179e-07 -3.297611165620595990e-07 -2.866931926147145937e-07 -2.577059374014916331e-07 -2.351192774979613538e-07 -2.099633918692195999e-07 -1.873709624195992492e-07 -1.712999823490492738e-07 -1.559877687174558975e-07 -1.395358094988812647e-07 -1.262740627841996160e-07 -1.159160468890823877e-07 -1.047796931513585811e-07 -9.854339608380068007e-08
-1.512462441432671992e-06 -4.063891695417160560e-06 -7.070412792929247577e-06 -1.614987614743309147e-05 -2.918876428846349305e-05 -3.624951767243781917e-05 -8.181488011514160012e-05 -2.710476546961517385e-04 -4.429801634279147463e-04 -4.133502760779333464e-04 -4.598876878559515942e-03 -1.019513272181878510e-01 4.563235144339561344e-01 -2.625672807802223474e+01 5.258063974219968486e+02 -2.680964866031517602e+01 4.067841628607280491e-01 -1.186805051610804740e-01 -6.594154954847618148e-03 -5.874638006807161557e-04 -6.831109949738862781e-04 -4.516280697260749910e-04 -1.480653526941483680e-04 -7.167671828751988610e-05 -6.455299852839685004e-05 -4.045227946783610531e-05 -2.121606462216952838e-05 -1.669930321669936901e-05 -1.401224927661544301e-05 -9.314493568555869496e-06 -6.597853992848056102e-06 -5.792708865988613558e-06 -4.679986350131814329e-06 -3.427085168373385000e-06 -2.841507232299789315e-06 -2.516772113576115116e-06 -2.030490107255341560e-06 -1.632865150750852004e-06 -1.448536801081937059e-06 -1.269432927613216473e-06 -1.049227949742464722e-06 -9.048085217371351823e-07 -8.198085028546547606e-07 -7.145679656153927845e-07 -6.120452321384423407e-07 -5.506976948176122908e-07 -4.998468381141625021e-07 -4.384238224218859072e-07 -3.859342433010907798e-07 -3.481769526034524695e-07 -3.115499067227230110e-07 -2.737576215276483586e-07 -2.468139216883104149e-07 -2.256572979221584292e-07 -2.017526150573630297e-07 -1.801991891429474591e-07 -1.649019672452194422e-07 -1.502784049477077634e-07 -1.344964799383279641e-07 -1.217989695600853536e-07 -1.117814897047214600e-07 -1.059608752908779183e-07
-8.219995471015517063e-07 -3.130043258534454180e-06 -5.338198107828945404e-06 -8.185032571238516088e-06 -1.736725565928917103e-05 -3.077398213486864947e-05 -3.774761099263481914e-05 -8.444688003828837420e-05 -2.781590762183689010e-04 -4.518689040212308847e-04 -4.189509080347894143e-04 -4.670661782927924312e-03 -1.025439578171913474e-01 4.547069273621917596e-01 -2.627518778617213613e+01 5.258077825399676613e+02 -2.679241321845180224e+01 4.083597750712644192e-01 -1.181850824908031172e-01 -6.535735550510362972e-03 -5.818547611022266289e-04 -6.761600992089391096e-04 -4.466521806812432066e-04 -1.462056472831824573e-04 -7.066620514377110153e-05 -6.361122205453050927e-05 -3.982145958168220335e-05 -2.085458441782335318e-05 -1.640374408217970290e-05 -1.375578859341312094e-05 -9.133796129748054127e-06 -6.464648124665073739e-06 -5.673529297707057205e-06 -4.579919517461912841e-06 -3.351182845814195299e-06 -2.777907432955132536e-06 -2.459080608297722184e-06 -1.982374104770126955e-06 -1.593865499166959083e-06 -1.413719905474780187e-06 -1.237986021564564455e-06 -1.022831136373921900e-06 -8.822259966519283974e-07 -7.990155460008835152e-07 -6.959626287168102577e-07 -5.961927669705221141e-07 -5.368312466801695116e-07 -4.840632874514033066e-07 -4.180479732307985518e-07 -3.673221311336452131e-07 -3.344521715233472153e-07 -2.999406909889876085e-07 -2.638562573838956171e-07 -2.381297421696152170e-07 -2.179185114489579093e-07 -1.949342410403372089e-07 -1.741793409859909820e-07 -1.594828559598751823e-07 -1.454096043588292781e-07 -1.301964257880544036e-07 -1.178420686333385908e-07 -1.134526787334260165e-07
-4.997186515793712315e-07 -2.033302820351287157e-06 -4.201031755327916297e-06 -6.009326044526643828e-06 -8.804887843102587782e-06 -1.846653200872912278e-05 -3.214149149157950037e-05 -3.889103101831399984e-05 -8.669755862573304685e-05 -2.843715944174007772e-04 -4.595748391914891142e-04 -4.238415890819403420e-04 -4.733263981333477727e-03 -1.030612495720432398e-01 4.532870483957061603e-01 -2.629137372193897804e+01 5.258089232793513474e+02 -2.677723567143712202e+01 4.097457208115725114e-01 -1.177476936951825787e-01 -6.484149565605950780e-03 -5.769233824198312811e-04 -6.700190096742031668e-04 -4.422559520509140841e-04 -1.445648327684514675e-04 -6.976992245978735051e-05 -6.277825413752512564e-05 -3.926699416833596577e-05 -2.053407838880688655e-05 -1.613985584572668488e-05 -1.353021753889934692e-05 -8.975134024781945683e-06 -6.344939026373850615e-06 -5.567210897008597244e-06 -4.492553628202858365e-06 -3.283726453882046041e-06 -2.720154487707238616e-06 -2.408088869804223094e-06 -1.940315198925654278e-06 -1.558506026839961527e-06 -1.382133858255991642e-06 -1.210477642630559801e-06 -9.994071300712589152e-07 -8.614314586797175762e-07 -7.803654589579015468e-07 -6.799899479472333542e-07 -5.793040575505065172e-07 -5.154272445132830256e-07 -4.643141710184137512e-07 -4.035429195639671621e-07 -3.551049372502155564e-07 -3.237358594375893695e-07 -2.905369371858691109e-07 -2.556653480134955362e-07 -2.308407904180399836e-07 -2.113522750621167018e-07 -1.891062938955876851e-07 -1.690042487982176399e-07 -1.547998871274907109e-07 -1.412044156425628945e-07 -1.263405646584288188e-07 -1.200196522250935996e-07
-4.719884928043691308e-07 -1.356377701410679635e-06 -2.609476296237868611e-06 -4.781533291585722901e-06 -6.607213169540811740e-06 -9.331969956869632252e-06 -1.925626180498483643e-05 -3.328894416306237307e-05 -3.995427881716679368e-05 -8.863872129712044832e-05 -2.897406912316389041e-04 -4.663603527448136380e-04 -4.282090911794986634e-04 -4.788298992078450500e-03 -1.035167108465618185e-01 4.520300219872012693e-01 -2.630568172971894114e+01 5.258098739663349761e+02 -2.676376812046284215e+01 4.109742854040095983e-01 -1.173586822799221746e-01 -6.438249322118894113e-03 -5.725634204003264213e-04 -6.645592453420322851e-04 -4.383339132037595795e-04 -1.431046151335507494e-04 -6.897684984550669625e-05 -6.203510540273730401e-05 -3.877049713258430135e-05 -2.025040183084969282e-05 -1.590614314553147609e-05 -1.332736990764697634e-05 -8.833070862723741101e-06 -6.239619382308611953e-06 -5.472240240188787717e-06 -4.413317230313406200e-06 -3.223785105890364634e-06 -2.669271981315658169e-06 -2.361861760167157697e-06 -1.902138309804292848e-06 -1.527369588322243294e-06 -1.353961991018284005e-06 -1.185210235568724459e-06 -9.783331261300478372e-07 -8.434105959550186838e-07 -7.610193200193917501e-07 -6.570048480493194765e-07 -5.587387952447342440e-07 -4.997897667665420554e-07 -4.508411924092021084e-07 -3.920215376215464266e-07 -3.450810260400152458e-07 -3.147551606860773244e-07 -2.825546922488065305e-07 -2.486548910322605737e-07 -2.245580829528912318e-07 -2.056584177122402317e-07 -1.840310732474627555e-07 -1.644827390592235485e-07 -1.507156905288692122e-07 -1.373876457500516669e-07 -1.289175262208107868e-07
-3.571369141109144739e-07 -1.079118233514711998e-06 -1.771587536571841901e-06 -3.081479864703862639e-06 -5.242760897074562558e-06 -6.973475613071241155e-06 -9.751001565226892986e-06 -1.998961039302857626e-05 -3.426233299080765543e-05 -4.084390183187317825e-05 -9.036874423142579431e-05 -2.944862452288062819e-04 -4.723401106692899968e-04 -4.321039952034766820e-04 -4.837100508586035692e-03 -1.039208296189539638e-01 4.509093973341989359e-01 -2.631842078591524725e+01 5.258106745817789260e+02 -2.675173691069185011e+01 4.120708490475818997e-01 -1.170104415313576868e-01 -6.397147605247771769e-03 -5.686720086084718923e-04 -6.596713542140588207e-04 -4.348199662393594910e-04 -1.417955561577362452e-04 -6.826501003597416537e-05 -6.137026591455856475e-05 -3.832648632169107341e-05 -1.999475438788371646e-05 -1.569611267635045838e-05 -1.314668490433213616e-05 -8.705566389650548485e-06 -6.144023684073954345e-06 -5.387273308257089131e-06 -4.342839916152886597e-06 -3.169365850803951678e-06 -2.623039119287513735e-06 -2.320785393729235369e-06 -1.867916364771816639e-06 -1.498775561945912949e-06 -1.328535535309974155e-06 -1.163061426061609336e-06 -9.568436143953868446e-07 -8.188608411704060305e-07 -7.383910571343722008e-07 -6.397404692359613997e-07 -5.443105303445550020e-07 -4.871466568752242261e-07 -4.396101656487722004e-07 -3.822580029563665189e-07 -3.364943234778289963e-07 -3.069936848284792145e-07 -2.756136055878274902e-07 -2.425330358805407632e-07 -2.190490112243931677e-07 -2.006464979154653596e-07 -1.795526003198353244e-07 -1.605073739360250070e-07 -1.469670359583157021e-07 -1.404277455683084113e-07
-2.154273952066421487e-07 -8.326862606334318970e-07 -1.495476064682941394e-06 -2.077385125156674778e-06 -3.343866589090652542e-06 -5.593557705529743194e-06 -7.327322721883266337e-06 -1.008820900244320625e-05 -2.058425241443279823e-05 -3.513487569846311719e-05 -4.165172681116082154e-05 -9.188240265329160794e-05 -2.986875523071747212e-04 -4.776849000070184314e-04 -4.356052934721495098e-04 -4.880646075920681837e-03 -1.042818411222558861e-01 4.499041094127333995e-01 -2.632983558603539009e+01 5.258113551447049758e+02 -2.674092385116047765e+01 4.130555967112394811e-01 -1.166968648989824275e-01 -6.360126399960597428e-03 -5.651840468882603523e-04 -6.552686142576046079e-04 -4.316483643551152229e-04 -1.406174758986618127e-04 -6.762554033590179893e-05 -6.076921584926248219e-05 -3.792547358849461981e-05 -1.976577122202661434e-05 -1.550674462279271314e-05 -1.298254990819445080e-05 -8.590850976780946830e-06 -6.058507950033716921e-06 -5.310026677029027057e-06 -4.278709337670246683e-06 -3.120723052046216885e-06 -2.581408683255988834e-06 -2.283105537231521922e-06 -1.836924624514317458e-06 -1.473521775411328155e-06 -1.303131170305692555e-06 -1.135019788432633864e-06 -9.324110468911402874e-07 -7.999893874405916043e-07 -7.218817827238106258e-07 -6.255238343583214496e-07 -5.321434509268425294e-07 -4.763108570363187016e-07 -4.298826306619384539e-07 -3.737490620565817549e-07 -3.289739306848166905e-07 -3.001629997866549917e-07 -2.694832361638968925e-07 -2.371127259796323243e-07 -2.141579949427003513e-07 -1.961862862545278014e-07 -1.755856453162727098e-07 -1.568188016370284547e-07 -1.506321533760150720e-07
-1.738639837308562827e-07 -5.916481608076126458e-07 -1.134845171968964167e-06 -1.718428857089392998e-06 -2.291729494227761295e-06 -3.593460732800381602e-06 -5.865136219047650008e-06 -7.590405398155971469e-06 -1.039768216123680709e-05 -2.112342875922874113e-05 -3.588729643427415137e-05 -4.236574466061747576e-05 -9.325083339428664932e-05 -3.024407995366453980e-04 -4.824658359711793344e-04 -4.387718924884693767e-04 -4.919760244471997786e-03 -1.046062961029675248e-01 4.489972429131273146e-01 -2.634012246291239023e+01 5.258119385111906468e+02 -2.673115280672860194e+01 4.139448034952030731e-01 -1.164130228272381162e-01 -6.326604781424828051e-03 -5.620350790833669253e-04 -6.512841019445489606e-04 -4.287741249532927602e-04 -1.395489596954125212e-04 -6.704640406593746944e-05 -6.022564993098390279e-05 -3.756186779717165489e-05 -1.955739160897314365e-05 -1.533546885297600647e-05 -1.283436028754413051e-05 -8.486331971953734111e-06 -5.980554221376266249e-06 -5.240437201596810518e-06 -4.220643119365729462e-06 -3.076074107615395546e-06 -2.543588490116367136e-06 -2.249472139935041856e-06 -1.806468106531643737e-06 -1.442885402669384061e-06 -1.275254787455719702e-06 -1.112780785694689021e-06 -9.140588637252337639e-07 -7.842154556232022618e-07 -7.077476123766608753e-07 -6.131986328306213918e-07 -5.215193938759073962e-07 -4.667877551850383926e-07 -4.212899672206369638e-07 -3.662099882484251858e-07 -3.222925987053556857e-07 -2.940758102744259079e-07 -2.640075334618511110e-07 -2.322633960810860675e-07 -2.097752363929056755e-07 -1.922097347910180892e-07 -1.718700302097464470e-07 -1.610427310573063566e-07
-1.588877620105047405e-07 -4.546472934223784704e-07 -7.834221925795219635e-07 -1.339424283918279149e-06 -1.920419653008267358e-06 -2.443432907976358169e-06 -3.764887001384803163e-06 -6.110212861150695130e-06 -7.833219722597820598e-06 -1.065133578063412081e-05 -2.159454801798334564e-05 -3.657348733426074529e-05 -4.300815391563461059e-05 -9.447046846474209099e-05 -3.058173765872948253e-04 -4.867843836784821400e-04 -4.416420668418303674e-04 -4.955077786078499608e-03 -1.048994950993347580e-01 4.481750197930924884e-01 -2.634944074452978668e+01 5.258124423505554432e+02 -2.672228005769551018e+01 4.147517315601456644e-01 -1.161548686249028323e-01 -6.296110208713810719e-03 -5.591806954310277016e-04 -6.476582127272969983e-04 -4.261556740868960584e-04 -1.385777399156147517e-04 -6.651979166540769920e-05 -5.972963145052072049e-05 -3.723097109463808705e-05 -1.936846264411881728e-05 -1.517906857741176464e-05 -1.269891437579434901e-05 -8.391613937629590584e-06 -5.909718920962066329e-06 -5.176534268425384726e-06 -4.167682887103115460e-06 -3.035962857644743344e-06 -2.506897561063246284e-06 -2.211372246166993845e-06 -1.774074671561132017e-06 -1.418097143191205762e-06 -1.253558901945798941e-06 -1.093829432897146645e-06 -8.981695298446521896e-07 -7.704119190646414261e-07 -6.952775498600437099e-07 -6.022741198861521765e-07 -5.120752183481362930e-07 -4.582932352079633623e-07 -4.136025619849930914e-07 -3.594536129615585045e-07 -3.162949056464795142e-07 -2.885997967100417574e-07 -2.590735720222300523e-07 -2.278904767934144554e-07 -2.058474788316791685e-07 -1.884536453691922378e-07 -1.765849037864987399e-07
-1.137590973320048613e-07 -3.764005738537988574e-07 -6.294285278402835728e-07 -9.470591839033369866e-07 -1.479293944398722569e-06 -2.050702846281429304e-06 -2.579572405400641077e-06 -3.922430043068755096e-06 -6.305034165820928172e-06 -8.039889515546944491e-06 -1.089043129832386705e-05 -2.201626360115874754e-05 -3.718005291527146853e-05 -4.359207311514561657e-05 -9.558001469629804172e-05 -3.088651155612381146e-04 -4.906952237756373198e-04 -4.442631091428817154e-04 -4.987131372428078510e-03 -1.051657451249162073e-01 4.474261236949353959e-01 -2.635792110843090086e+01 5.258128804911398220e+02 -2.671418714703056096e+01 4.154872940925681268e-01 -1.159190655759319427e-01 -6.268247354489297520e-03 -5.565799423536293457e-04 -6.443467764275949200e-04 -4.237605505889466360e-04 -1.376890906925373314e-04 -6.603915375522482925e-05 -5.927661455163274723e-05 -3.692782549533678087e-05 -1.919542690206473579e-05 -1.503655581404131337e-05 -1.257512826680865043e-05 -8.304518108206758947e-06 -5.844935351282121002e-06 -5.118626864860514789e-06 -4.117074490818748335e-06 -2.992100591845964665e-06 -2.468873838006145175e-06 -2.179549365127919635e-06 -1.748040252846506452e-06 -1.396713477715553295e-06 -1.234528005953682489e-06 -1.077049323635203036e-06 -8.840420221217019020e-07 -7.580922102977922241e-07 -6.841038328975042213e-07 -5.924632601891291887e-07 -5.035819262876681768e-07 -4.506378879705592315e-07 -4.066610117597990667e-07 -3.533463299457404978e-07 -3.108673295496034449e-07 -2.836363943634884259e-07 -2.545977444610195842e-07 -2.239534665020629406e-07 -2.021030694635930753e-07 -1.939044155445753327e-07
-8.046753405451574854e-08 -2.947851952693617132e-07 -5.346267570605001807e-07 -7.436423215540531008e-07 -1.045848187951903037e-06 -1.600144865317282183e-06 -2.168122999856228907e-06 -2.678129008160124394e-06 -4.051904597727639166e-06 -6.488311672997872766e-06 -8.223802931367870305e-06 -1.109552832725713788e-05 -2.239894467934649231e-05 -3.773487838084219141e-05 -4.411905577447628731e-05 -9.658487551733768749e-05 -3.116375388930274493e-04 -4.942580870847796239e-04 -4.466588166755988427e-04 -5.016352855560990073e-03 -1.054086081300137784e-01 4.467411682589613742e-01 -2.636567172395406189e+01 5.258132638781353307e+02 -2.670677557821919379e+01 4.161605600768392144e-01 -1.157028275109683313e-01 -6.242691402551436494e-03 -5.542007441221806757e-04 -6.413085706323695288e-04 -4.215615455896565538e-04 -1.368742783636388521e-04 -6.559800840014874516e-05 -5.886029083794917165e-05 -3.664990906549478385e-05 -1.903683329669231145e-05 -1.490531919827204053e-05 -1.246142101029390816e-05 -8.225103746087038633e-06 -5.783420123187679438e-06 -5.058524495629539830e-06 -4.066292296099022746e-06 -2.954793535120906346e-06 -2.437467930457426892e-06 -2.151583088054415863e-06 -1.724936835438420964e-06 -1.377636511383644240e-06 -1.217457161290546617e-06 -1.061943885184779817e-06 -8.713069747738608610e-07 -7.469670258514250570e-07 -6.739898344899314755e-07 -5.835715981036452844e-07 -4.958787354295664407e-07 -4.436847876403144113e-07 -4.003474507157332279e-07 -3.477876444733457240e-07 -3.059232771651597828e-07 -2.791114064216230182e-07 -2.505497825263096726e-07 -2.201667157183790060e-07 -2.084326102304595720e-07
-7.325535967145755760e-08 -2.265752296766871695e-07 -4.056136760202955290e-07 -6.304838537083008278e-07 -8.385994944757154837e-07 -1.132417707640645659e-06 -1.684702822804099399e-06 -2.260971484548129776e-06 -2.773550566052561404e-06 -4.165319623227310914e-06 -6.642349267156445304e-06 -8.391413172502502888e-06 -1.128692977496682129e-05 -2.274225111019341641e-05 -3.823605574438572875e-05 -4.460418525016895285e-05 -9.750353082160489744e-05 -3.141639122542728892e-04 -4.975163639182760868e-04 -4.488623600944101409e-04 -5.043101373493816958e-03 -1.056310349978335367e-01 4.461123004186111074e-01 -2.637278291400965813e+01 5.258136012723622343e+02 -2.669996277054042721e+01 4.167791199822747927e-01 -1.155038148084111677e-01 -6.219165051412600329e-03 -5.520161910179978686e-04 -6.385123843828440643e-04 -4.195347635457888770e-04 -1.361235375199033274e-04 -6.519247728071325112e-05 -5.847681891214497112e-05 -3.639337216851305063e-05 -1.889081137320571053e-05 -1.478498091204452186e-05 -1.235463205479674277e-05 -8.145248746961341704e-06 -5.722620596943831685e-06 -5.006023248177762211e-06 -4.022897794505454519e-06 -2.921660207339300733e-06 -2.409325358869405031e-06 -2.126355705985375266e-06 -1.704048855264008726e-06 -1.360367389363851582e-06 -1.201964239356451656e-06 -1.048209825323349892e-06 -8.597228372974040072e-07 -7.368375398740895011e-07 -6.647665210508575215e-07 -5.754565497726029654e-07 -4.888455388386132283e-07 -4.373299128632393454e-07 -3.945709549169139448e-07 -3.426992118931009134e-07 -3.013967388716037432e-07 -2.750034599639884127e-07 -2.466296887769014369e-07 -2.271894424413708683e-07
-6.263795759218436861e-08 -1.874118398162904779e-07 -3.119626321296492063e-07 -4.936908245027903867e-07 -7.108249066101898997e-07 -9.008280465566753531e-07 -1.197417244309884509e-06 -1.765226885711909660e-06 -2.340513638711733410e-06 -2.848687791010510204e-06 -4.268281815064952248e-06 -6.786084406305211061e-06 -8.539668221731627648e-06 -1.145808685291723566e-05 -2.305878941825476605e-05 -3.869516283968643178e-05 -4.504595125139708293e-05 -9.834556832615726143e-05 -3.164809498427012969e-04 -5.005068364524275669e-04 -4.508920099643689487e-04 -5.067680225066322972e-03 -1.058355058130118487e-01 4.455329059644062006e-01 -2.637933068082077881e+01 5.258138997458099766e+02 -2.669367897367720488e+01 4.173493829824464485e-01 -1.153200468190917205e-01 -6.197436788745690900e-03 -5.500026541370095978e-04 -6.359294641299432756e-04 -4.176614566291099559e-04 -1.354300167320076752e-04 -6.481761313570456114e-05 -5.812231371093053427e-05 -3.615671276118312069e-05 -1.875400847462446865e-05 -1.466731274019319403e-05 -1.225188451670898660e-05 -8.074242874631845087e-06 -5.669756741919562690e-06 -4.958695069926639922e-06 -3.983551525801683318e-06 -2.891578651116369343e-06 -2.383713023297358178e-06 -2.103334361941600648e-06 -1.684976094680578119e-06 -1.344595641925975333e-06 -1.187793403161779038e-06 -1.035634007787297107e-06 -8.491146607522147832e-07 -7.275561567549305189e-07 -6.563057087559728029e-07 -5.680084314276369596e-07 -4.823889866687479650e-07 -4.314914187302881066e-07 -3.892592741452864724e-07 -3.380206576598584186e-07 -2.972755682400889900e-07 -2.709956152394383271e-07 -2.544709318547289469e-07
-4.541253183985478354e-08 -1.572461452184857436e-07 -2.694333536454088092e-07 -3.806163797783609919e-07 -5.502724326710128282e-07 -7.696686644858745696e-07 -9.596521859902007643e-07 -1.251293716171377698e-06 -1.826700215569905847e-06 -2.412042674439327988e-06 -2.920279240957487199e-06 -4.357482885575646830e-06 -6.913295247353423401e-06 -8.678134142238618019e-06 -1.161594032933480513e-05 -2.334569542722233300e-05 -3.911634057567457841e-05 -4.545491286963726518e-05 -9.911952009758745864e-05 -3.186101208912153738e-04 -5.032629691274562167e-04 -4.527698067002934265e-04 -5.090341328823929853e-03 -1.060241111951939347e-01 4.449973670602397346e-01 -2.638537944095528331e+01 5.258141650649505436e+02 -2.668786486734160945e+01 4.178767917883373650e-01 -1.151498346640672105e-01 -6.177306999729728285e-03 -5.481415411856803985e-04 -6.335366803294600587e-04 -4.159240088450145891e-04 -1.347872672624758313e-04 -6.447090771259039266e-05 -5.779174887230817555e-05 -3.593099165570325532e-05 -1.862337954942577434e-05 -1.456097513337049932e-05 -1.215981650481230605e-05 -8.009593088728887795e-06 -5.621525880861761318e-06 -4.915342331058852384e-06 -3.947456863329625215e-06 -2.863996038582163042e-06 -2.360207064216378034e-06 -2.082174353124338273e-06 -1.667443893782923559e-06 -1.330099700431982941e-06 -1.174755778134749869e-06 -1.024055288013727102e-06 -8.393482090876001706e-07 -7.190080885015556608e-07 -6.485064480651155594e-07 -5.611401541242351531e-07 -4.764343526911239299e-07 -4.261032624562765960e-07 -3.843562860273358271e-07 -3.337487990318007056e-07 -2.932168791353958167e-07 -2.801276760415283261e-07
-3.713947786231235862e-08 -1.262229161016244366e-07 -2.252911449201192596e-07 -3.218136844633403273e-07 -4.291529122779065104e-07 -6.021116615879325300e-07 -8.171823932397592015e-07 -1.001800394277002469e-06 -1.299023608880340248e-06 -1.884884014009368797e-06 -2.472436193153840384e-06 -2.981798973881721024e-06 -4.441456148546178191e-06 -7.030346548371428318e-06 -8.802167681992211168e-06 -1.176108454142416919e-05 -2.361172147585505657e-05 -3.950349803462078444e-05 -4.583112370645180236e-05 -9.983497683383844715e-05 -3.205756917245015979e-04 -5.058093422387724457e-04 -4.545109540647090550e-04 -5.111302843529006053e-03 -1.061986304943228071e-01 4.445008886883764498e-01 -2.639098415073154058e+01 5.258144019637654765e+02 -2.668246968093417237e+01 4.183660028893336214e-01 -1.149917315279163910e-01 -6.158605791875354507e-03 -5.464154147551405702e-04 -6.313136138612894825e-04 -4.143089442974461772e-04 -1.341881004344703751e-04 -6.414279699808292422e-05 -5.748063362554679806e-05 -3.572374046503950010e-05 -1.850512709828261584e-05 -1.446328485228761319e-05 -1.207493754271877461e-05 -7.950011302921874059e-06 -5.577090298085910842e-06 -4.875331257918000678e-06 -3.914126769644860949e-06 -2.838545553736479456e-06 -2.338509253001966530e-06 -2.062622326226903447e-06 -1.651245486415658976e-06 -1.316709914488765534e-06 -1.162704154464293417e-06 -1.013346411541546077e-06 -8.303166527335625785e-07 -7.111012952964153624e-07 -6.412871697855740842e-07 -5.547808130390262289e-07 -4.709204849781119771e-07 -4.211139379126204334e-07 -3.798662311076161306e-07 -3.295111374560219840e-07 -3.036016282381882273e-07
-3.442505930644938125e-08 -1.031455170545285508e-07 -1.762525110899940045e-07 -2.730800804380741442e-07 -3.680877021702242786e-07 -4.669938233460293429e-07 -6.380994525300212321e-07 -8.584348502712240878e-07 -1.041768616143286210e-06 -1.337694495627243101e-06 -1.933907625608025076e-06 -2.529573538333367851e-06 -3.038569644643721332e-06 -4.515415161442385237e-06 -7.137622353364802847e-06 -8.918414375392075643e-06 -1.189441609476651837e-05 -2.385580845334475046e-05 -3.986220008378313839e-05 -4.618051267541918874e-05 -1.004964607805948132e-04 -3.223947926972703902e-04 -5.081709080924751935e-04 -4.561300896318056788e-04 -5.130747664161712344e-03 -1.063605863433125243e-01 4.440393474067819146e-01 -2.639619198075180151e+01 5.258146143622284399e+02 -2.667744970871645904e+01 4.188210205609125270e-01 -1.148444881292901565e-01 -6.141186038092189860e-03 -5.448108875794367700e-04 -6.292410514310184085e-04 -4.127974390068238526e-04 -1.336261461770685212e-04 -6.383977727753551747e-05 -5.719363963795763724e-05 -3.553163391759266951e-05 -1.839568296906550726e-05 -1.437275599943088905e-05 -1.199617718189709740e-05 -7.894770079716785307e-06 -5.535919301474414936e-06 -4.838220067032482609e-06 -3.883205035616058171e-06 -2.814952468949582058e-06 -2.318390786748252748e-06 -2.044479813530595425e-06 -1.636217168065768423e-06 -1.304290905100971081e-06 -1.151519837244513605e-06 -1.003403967075155846e-06 -8.219328563160871650e-07 -7.037603936053593526e-07 -6.345805217419657026e-07 -5.488715843198310575e-07 -4.657995764663103773e-07 -4.165352141977417996e-07 -3.753887431754695137e-07 -3.409197368884203072e-07
-2.800738129434831630e-08 -8.847254452444955597e-08 -1.473738718959594648e-07 -2.187114901869429867e-07 -3.095513103802706273e-07 -3.993672954772897681e-07 -4.990508650889010574e-07 -6.717005370333995698e-07 -8.910378662385989687e-07 -1.074150806220072162e-06 -1.374569493310488311e-06 -1.978828066734303838e-06 -2.578835643778503747e-06 -3.090400423603202693e-06 -4.585267068575267014e-06 -7.235781510685186428e-06 -9.024467133357193634e-06 -1.201884700992415760e-05 -2.408263440045714526e-05 -4.019370018907048752e-05 -4.650480376384560151e-05 -1.011116493778586162e-04 -3.240835458740932897e-04 -5.103655947360975385e-04 -4.576398082644610307e-04 -5.148835941043993641e-03 -1.065112886083701138e-01 4.436091821791896539e-01 -2.640104364962591177e+01 5.258148055259016473e+02 -2.667276711958601609e+01 4.192453087708285508e-01 -1.147070228700354660e-01 -6.124918590289438886e-03 -5.433094323994808704e-04 -6.273021744021943383e-04 -4.113874594417082399e-04 -1.331041708214532738e-04 -6.355794495013611216e-05 -5.692615315365360824e-05 -3.535259445997458895e-05 -1.829384186161653008e-05 -1.428847419048388223e-05 -1.192279394713542762e-05 -7.843341239121695899e-06 -5.497615568513036243e-06 -4.803666496995212754e-06 -3.854410662499818712e-06 -2.792998458855656484e-06 -2.299667801754513407e-06 -2.027585526981141645e-06 -1.622225238802134880e-06 -1.292731684481968606e-06 -1.141104882041663534e-06 -9.941422479335484476e-07 -8.141245054678183320e-07 -6.969224577095728295e-07 -6.283299927521679435e-07 -5.433664241667487318e-07 -4.610931629282071755e-07 -4.119289830474462595e-07 -3.884551203370887308e-07
-2.160186502221707578e-08 -7.479586803316453063e-08 -1.297144045828763283e-07 -1.804482087815286757e-07 -2.469936705530935510e-07 -3.397516926670562386e-07 -4.280040084600457768e-07 -5.233110233185172081e-07 -6.981804507074228198e-07 -9.218799321978034337e-07 -1.103601291346971834e-06 -1.405234367234705792e-06 -2.019509914298181923e-06 -2.625662652984637002e-06 -3.137426281213247492e-06 -4.648393561742073788e-06 -7.327412545845274096e-06 -9.123580215580808905e-06 -1.213353196837065048e-05 -2.429299209873003916e-05 -4.050270816314988526e-05 -4.680689121584567504e-05 -1.016837926282507492e-04 -3.256557556088454566e-04 -5.124116147438155825e-04 -4.590502644671727887e-04 -5.165704231591841319e-03 -1.066518722579959666e-01 4.432072988407899650e-01 -2.640557448824522524e+01 5.258149781943048993e+02 -2.666838900471585561e+01 4.196418803997254976e-01 -1.145783865977816340e-01 -6.109690739492803883e-03 -5.419088153068228305e-04 -6.254903722708751810e-04 -4.100679572220988019e-04 -1.326161684977476612e-04 -6.329468577176671894e-05 -5.667598955549534094e-05 -3.518517522552592537e-05 -1.819873642358911609e-05 -1.420974300458492815e-05 -1.185420278468114057e-05 -7.795304604090752705e-06 -5.461860497637691636e-06 -4.771391829534983967e-06 -3.827513060715676490e-06 -2.772504061985752319e-06 -2.282188315389653796e-06 -2.011805259063893039e-06 -1.609158177513994411e-06 -1.281939507344950371e-06 -1.131377145431451561e-06 -9.854892159254098357e-07 -8.068305579757973488e-07 -6.905341778944842505e-07 -6.224914696063778035e-07 -5.382967315787736916e-07 -4.563107861423420671e-07 -4.272808139418004058e-07
-1.935692646416716844e-08 -6.184328566386668624e-08 -1.075712528869415449e-07 -1.574253773380875756e-07 -2.071803081367403257e-07 -2.722520505563177312e-07 -3.622446192583696325e-07 -4.499332383479089357e-07 -5.461767453171977277e-07 -7.219462303219552235e-07 -9.469467198067345629e-07 -1.129938690295601083e-06 -1.434704767759565185e-06 -2.056084986537558508e-06 -2.667449894883880163e-06 -3.181685181688606757e-06 -4.707589591591438719e-06 -7.411537228937439363e-06 -9.215478055440935517e-06 -1.224122259902055932e-05 -2.448889978258280580e-05 -4.079005631604876929e-05 -4.708921411595508490e-05 -1.022183293697591036e-04 -3.271225964118123553e-04 -5.143228952932999993e-04 -4.603715600807059896e-04 -5.181472397399937944e-03 -1.067833232379443442e-01 4.428309975162055823e-01 -2.640981530501315433e+01 5.258151346804030482e+02 -2.666428659438644644e+01 4.200133672772307647e-01 -1.144577619525380396e-01 -6.095411610296527088e-03 -5.405981096344338998e-04 -6.237916832885315004e-04 -4.088300158777282778e-04 -1.321586681027119654e-04 -6.304806751036568912e-05 -5.644141332428469389e-05 -3.502820676829064442e-05 -1.810966772560685436e-05 -1.413599215020703217e-05 -1.178991826444324022e-05 -7.750311593731245405e-06 -5.428389443539493406e-06 -4.741162672540400810e-06 -3.802318456462192032e-06 -2.753318543255321137e-06 -2.265824295717374344e-06 -1.997025460269959278e-06 -1.596921519602777801e-06 -1.271835816484468066e-06 -1.122266923614191225e-06 -9.773833773568260778e-07 -7.999987754825032857e-07 -6.845541751271160107e-07 -6.171043811789567772e-07 -5.331212292742179798e-07 -4.734776235915178704e-07
-1.745866433658291448e-08 -5.278038308742317026e-08 -8.821961063182639292e-08 -1.335284275575911385e-07 -1.814255569100628694e-07 -2.266033184668194413e-07 -2.911202960640484399e-07 -3.830674338197073011e-07 -4.693015091561004644e-07 -5.639630330985046043e-07 -7.428978544785067650e-07 -9.709893647422770579e-07 -1.153215495897790565e-06 -1.460425711098228308e-06 -2.090476391555898565e-06 -2.706729895454708020e-06 -3.221879153627803979e-06 -4.762327678634365788e-06 -7.490626435961717164e-06 -9.301197036763010490e-06 -1.234120151161253079e-05 -2.467203521510284399e-05 -4.105898326274884223e-05 -4.735315171597477010e-05 -1.027181787912848928e-04 -3.284949690613529478e-04 -5.161126957656845355e-04 -4.616112416695573135e-04 -5.196244637782123157e-03 -1.069065046770056870e-01 4.424779127576606297e-01 -2.641379307955784483e+01 5.258152769470057137e+02 -2.666043464545571950e+01 4.203620708819655327e-01 -1.143444216460057505e-01 -6.081993351895977583e-03 -5.393684761968411045e-04 -6.221955714796005956e-04 -4.076661339736761163e-04 -1.317287908090003252e-04 -6.281648799190628634e-05 -5.622095634040890315e-05 -3.488069872522151264e-05 -1.802604801816269151e-05 -1.406673921783272550e-05 -1.172952731402912255e-05 -7.708066231090127641e-06 -5.396977892983556884e-06 -4.712780087966049847e-06 -3.778661406834703854e-06 -2.735313377983046131e-06 -2.250466386040436215e-06 -1.983148851282218230e-06 -1.585434370479267388e-06 -1.262353425032273128e-06 -1.113714228842712625e-06 -9.697716368524313395e-07 -7.935888281897384884e-07 -6.790324788010602890e-07 -6.115744736480234458e-07 -5.522616107066418556e-07
-1.399393164765315955e-08 -4.603770921661743480e-08 -7.755790879514662969e-08 -1.104253728877040124e-07 -1.522692937309153207e-07 -1.991544249515210661e-07 -2.442887208175254309e-07 -3.074801883597877709e-07 -3.989700470214277533e-07 -4.860882807184430108e-07 -5.811026639154705168e-07 -7.611127115996311981e-07 -9.916330549461461852e-07 -1.175182325060563420e-06 -1.484703911657261409e-06 -2.121431175773074939e-06 -2.742890240612075950e-06 -3.260047712347065382e-06 -4.813362028973073410e-06 -7.563847869498914486e-06 -9.381569679088909566e-06 -1.243526247732574634e-05 -2.484313771874090398e-05 -4.131056334217300213e-05 -4.760105031910658865e-05 -1.031869634712029229e-04 -3.297811309550439203e-04 -5.177921566918884059e-04 -4.627773183430898898e-04 -5.210111002623777840e-03 -1.070221681498026017e-01 4.421459623041366638e-01 -2.641753155750608073e+01 5.258154066610161408e+02 -2.665681089776251866e+01 4.206900265313409659e-01 -1.142377244504671069e-01 -6.069360095778477369e-03 -5.382124681095097488e-04 -6.206929057352809920e-04 -4.065697761640993716e-04 -1.313240520933433024e-04 -6.259857136069466369e-05 -5.601334773995221751e-05 -3.474179485947298497e-05 -1.794737238555115967e-05 -1.400156875318595969e-05 -1.167267307020685815e-05 -7.668313461572755568e-06 -5.367432668480806372e-06 -4.686072389056589017e-06 -3.756399026212365778e-06 -2.718377729618323980e-06 -2.236020180020016446e-06 -1.970091350795018938e-06 -1.574626926456494833e-06 -1.253434118622175588e-06 -1.105666901736728249e-06 -9.626133386949257356e-07 -7.876663784119556403e-07 -6.732928577102245299e-07 -6.343637894568698293e-07
-1.168230369078615015e-08 -3.927880297110268082e-08 -6.801488116242238824e-08 -9.542440154846305159e-08 -1.266350587143029314e-07 -1.689429232364403978e-07 -2.142509132486365220e-07 -2.573794555053925585e-07 -3.213987617852605928e-07 -4.141407629350673440e-07 -5.003962300993941185e-07 -5.953618694771878782e-07 -7.782559465245087349e-07 -1.011069531796774518e-06 -1.194584791629281061e-06 -1.506873536718449596e-06 -2.150869405171068364e-06 -2.776548458975063495e-06 -3.295116146855875472e-06 -4.861281916031399075e-06 -7.632789911811977998e-06 -9.456627652750977878e-06 -1.252329124318599797e-05 -2.500394750867792999e-05 -4.154676563171372055e-05 -4.783374388618935602e-05 -1.036274027387654623e-04 -3.309896419134992010e-04 -5.193697544844839975e-04 -4.638709216156381506e-04 -5.223150686054457356e-03 -1.071309884349316427e-01 4.418332986932892448e-01 -2.642105170227095812e+01 5.258155252585612516e+02 -2.665339565387201759e+01 4.209990327054227155e-01 -1.141371025555470431e-01 -6.057444771987574063e-03 -5.371235935712843825e-04 -6.192756511335177324e-04 -4.055351825170872178e-04 -1.309422752842115173e-04 -6.239311735121674026e-05 -5.581747414468178007e-05 -3.461074613902579751e-05 -1.787320144641604965e-05 -1.394011880572329083e-05 -1.161904403436916863e-05 -7.630831187490337642e-06 -5.339585838998946785e-06 -4.660890023744539041e-06 -3.735406795180826324e-06 -2.702415146248287217e-06 -2.222403562751471219e-06 -1.957779834261121231e-06 -1.564438185876904125e-06 -1.245026888305393983e-06 -1.098085569177865247e-06 -9.559883373010803777e-07 -7.814556987333793066e-07 -7.000623007785189025e-07
-1.083975968933459552e-08 -3.346056703595878061e-08 -5.684662643852364022e-08 -8.411053021504687562e-08 -1.109472906064326568e-07 -1.401762383410312542e-07 -1.811498676584520976e-07 -2.268988775230914199e-07 -2.697770928453469386e-07 -3.330110312569160744e-07 -4.265494973996248966e-07 -5.138070339340524042e-07 -6.087881137919638128e-07 -7.931440615768104131e-07 -1.028671969288963233e-06 -1.213188270755793203e-06 -1.527444824923270095e-06 -2.177738668339423469e-06 -2.808176899526856840e-06 -3.328362385970839944e-06 -4.905931836843951210e-06 -7.697222944906863945e-06 -9.527451285017847878e-06 -1.260617839385082466e-05 -2.515480777019273826e-05 -4.176887453207240051e-05 -4.805323647982212933e-05 -1.040406084565202076e-04 -3.321222845235260123e-04 -5.208528395266271782e-04 -4.649049685658298951e-04 -5.235440648005921550e-03 -1.072335546884483209e-01 4.415382903238818657e-01 -2.642437209848910484e+01 5.258156339748212531e+02 -2.665017142030308150e+01 4.212906857314445697e-01 -1.140420511635176909e-01 -6.046187785811445170e-03 -5.360961288806748073e-04 -6.179366873926309079e-04 -4.045572438406481899e-04 -1.305815374548256551e-04 -6.219906914773336163e-05 -5.563235255654464618e-05 -3.448689210109698880e-05 -1.780314943895584093e-05 -1.388207140585465028e-05 -1.156836620280500833e-05 -7.595424473410223451e-06 -5.313290260822681859e-06 -4.637101736312827461e-06 -3.715575396064278952e-06 -2.687341171782041420e-06 -2.209544744133881897e-06 -1.946149916778372568e-06 -1.554814289697633466e-06 -1.237093787278099334e-06 -1.091062343965422854e-06 -9.490324400708704846e-07 -8.111403279757958430e-07
-9.442260040294743266e-09 -2.936664228181601678e-08 -4.888055239690045732e-08 -7.174145390184101726e-08 -9.732514370079143396e-08 -1.221903420822465889e-07 -1.513266529196452675e-07 -1.925286708401863638e-07 -2.372860749456425395e-07 -2.796318816253469191e-07 -3.438215094630312874e-07 -4.381491767262906419e-07 -5.252109410101850962e-07 -6.207705017903595446e-07 -8.074501188230171266e-07 -1.044922602442886401e-06 -1.229932794881868262e-06 -1.546799581874359947e-06 -2.203235871577850249e-06 -2.837542703320529491e-06 -3.359351284523885504e-06 -4.948185841958603387e-06 -7.757895282023816359e-06 -9.593848182519708949e-06 -1.268427794604967772e-05 -2.529724344178928494e-05 -4.197677712758242482e-05 -4.825571916476574822e-05 -1.044274273981283716e-04 -3.331921576834135854e-04 -5.222546391857386169e-04 -4.658832124096190259e-04 -5.247042165504413498e-03 -1.073303908245890476e-01 4.412594832140160350e-01 -2.642750927987764342e+01 5.258157338779336669e+02 -2.664712260746450667e+01 4.215664074919854287e-01 -1.139521199415255565e-01 -6.035535982320801816e-03 -5.351249956289230508e-04 -6.166696742810252483e-04 -4.036314069930573641e-04 -1.302401300017110020e-04 -6.201549019949154844e-05 -5.545711008331424407e-05 -3.436964688991870265e-05 -1.773687539438128242e-05 -1.382714540863414361e-05 -1.152039707979884773e-05 -7.561921144196290581e-06 -5.288416155192373357e-06 -4.614591605739141890e-06 -3.696808390535811930e-06 -2.673081580825142617e-06 -2.197380240831967008e-06 -1.935144470663995974e-06 -1.545715661815600226e-06 -1.229749194458184048e-06 -1.083615572653342177e-06 -9.836357151672473497e-07
-7.722679662444562095e-09 -2.581843159794276070e-08 -4.389817071495988586e-08 -6.135849262494654382e-08 -8.251276652584123394e-08 -1.080795537662295432e-07 -1.324988165232853561e-07 -1.603096024993522562e-07 -2.014392643867354306e-07 -2.468547732516962304e-07 -2.887821471774838711e-07 -3.528009993207098681e-07 -4.483862459940450355e-07 -5.361924003706835444e-07 -6.317454558773054344e-07 -8.201588487464452537e-07 -1.060180667008659951e-06 -1.245911128754001128e-06 -1.564650927674813149e-06 -2.226917951510945749e-06 -2.865410605774108021e-06 -3.388612709053102071e-06 -4.987711635657686859e-06 -7.815050034807628711e-06 -9.656828260743397662e-06 -1.275669609976593941e-05 -2.542719810457699561e-05 -4.217023521423065885e-05 -4.844897901767226402e-05 -1.047951181564908327e-04 -3.342034130670871930e-04 -5.235800926858293330e-04 -4.668096496230203572e-04 -5.258011324676411559e-03 -1.074219640524476521e-01 4.409955786315173931e-01 -2.643047800439616424e+01 5.258158258954886151e+02 -2.664423527744978770e+01 4.218274686412386565e-01 -1.138669058537628842e-01 -6.025441791058229642e-03 -5.342056671889653698e-04 -6.154689440547888614e-04 -4.027535986953839566e-04 -1.299165278346408714e-04 -6.184154633379667699e-05 -5.529096799050080551e-05 -3.425848829880750573e-05 -1.767407629270423069e-05 -1.377509091404514804e-05 -1.147492097129565428e-05 -7.530168301835705173e-06 -5.264848411381107583e-06 -4.593256842236953725e-06 -3.679020481358961045e-06 -2.659570402481813848e-06 -2.185853415922575794e-06 -1.924722382196056844e-06 -1.537287519283382095e-06 -1.221824959285330997e-06 -1.126498020582361356e-06
-6.887813227985171388e-09 -2.230857264799000575e-08 -3.823202889920639509e-08 -5.449023477386969098e-08 -7.138940847272763457e-08 -9.219795708217008949e-08 -1.166580124232443795e-07 -1.404391649631929715e-07 -1.684914246224703509e-07 -2.096230382339064569e-07 -2.546702295416634087e-07 -2.967176152984116695e-07 -3.614513048870583934e-07 -4.576860461134252500e-07 -5.457840838125764894e-07 -6.420354413526845906e-07 -8.323047647514623040e-07 -1.074163680732954325e-06 -1.260652399003914003e-06 -1.581675820521267454e-06 -2.249269020912224906e-06 -2.891392999720414312e-06 -3.416213102459562270e-06 -5.025352406110945782e-06 -7.867732531518670063e-06 -9.712054097854786239e-06 -1.282250236336571817e-05 -2.555187783552621017e-05 -4.235534396744086450e-05 -4.863269798306268238e-05 -1.051435270800164118e-04 -3.351603682019734507e-04 -5.248350669995928029e-04 -4.676881546203562443e-04 -5.268398396631321194e-03 -1.075086921767446774e-01 4.407454129917174335e-01 -2.643329148638126469e+01 5.258159108361168137e+02 -2.664149693091686899e+01 4.220750081975760404e-01 -1.137860471038661531e-01 -6.015862507587414233e-03 -5.333340933581909695e-04 -6.143294127762012873e-04 -4.019201625739973966e-04 -1.296093644112006088e-04 -6.167649142683307535e-05 -5.513322877444500790e-05 -3.415294891666440966e-05 -1.761448160723545691e-05 -1.372568480272059578e-05 -1.143174515476300840e-05 -7.500029504959338147e-06 -5.242484577628995288e-06 -4.573006103183213117e-06 -3.662135311669998329e-06 -2.646748327159257943e-06 -2.174924687480717460e-06 -1.915051982436254343e-06 -1.528171535132721395e-06 -1.271565158768650909e-06
-6.367037878073380583e-09 -1.951072030696906977e-08 -3.265630822615829022e-08 -4.813881260989173839e-08 -6.380953085049301335e-08 -7.929579521505681634e-08 -9.958541349751904628e-08 -1.243654546101972889e-07 -1.476461317335229052e-07 -1.750249238273237140e-07 -2.166293406165779831e-07 -2.621620378488003779e-07 -3.038414679951644786e-07 -3.688585077220553727e-07 -4.663637020721507799e-07 -5.549660814116100199e-07 -6.513507025985966201e-07 -8.434282706834584977e-07 -1.087512054245668421e-06 -1.274578914359174157e-06 -1.597450036692741633e-06 -2.270329709421091608e-06 -2.916241821245020064e-06 -3.441079342512835458e-06 -5.056793449183770439e-06 -7.914955880268531116e-06 -9.766130208049896033e-06 -1.288698154628784827e-05 -2.567068556506419384e-05 -4.253112414645026431e-05 -4.880719066615164499e-05 -1.054739287888788125e-04 -3.360671654568591574e-04 -5.260249596835306048e-04 -4.685222894839628674e-04 -5.278248496497142152e-03 -1.075909499257333563e-01 4.405079407458565854e-01 -2.643596159322753181e+01 5.258159894074145768e+02 -2.663889632614443670e+01 4.223100501627723991e-01 -1.137092179877847858e-01 -6.006759684796362381e-03 -5.325066380212172120e-04 -6.132465060103554867e-04 -4.011278063615969437e-04 -1.293174110839532501e-04 -6.151965565217501345e-05 -5.498326548371302165e-05 -3.405260885888067670e-05 -1.755784887537155376e-05 -1.367872705528392671e-05 -1.139069673381255019e-05 -7.471382674875106785e-06 -5.221233353933945571e-06 -4.553757270667689528e-06 -3.646083963826365845e-06 -2.634574721810999569e-06 -2.164789765230633140e-06 -1.904595447214916236e-06 -1.584179409842513353e-06
-5.430757691349578896e-09 -1.740344437414819358e-08 -2.910678256804774078e-08 -4.157713147561588309e-08 -5.590548143583555649e-08 -7.088796988607797578e-08 -8.630198893976387460e-08 -1.062026397667431861e-07 -1.304571396744096868e-07 -1.537250457294092798e-07 -1.812605496815071744e-07 -2.228519795650472014e-07 -2.684791090520976910e-07 -3.104528618244611928e-07 -3.759534601420768920e-07 -4.741472100371403678e-07 -5.632932841273674557e-07 -6.602859193908697175e-07 -8.539243334454085240e-07 -1.099809183006791722e-06 -1.287691788048888875e-06 -1.612651694505151321e-06 -2.289040456944992547e-06 -2.935728970998851705e-06 -3.462117972722272019e-06 -5.088313377124580528e-06 -7.961762343271923021e-06 -9.818158445465449054e-06 -1.294863860791820486e-05 -2.578366386255497570e-05 -4.269806601126302829e-05 -4.897301309046921309e-05 -1.057876047063033504e-04 -3.369275967822077931e-04 -5.271546673079150359e-04 -4.693152965499674048e-04 -5.287602208444527017e-03 -1.076690743535857753e-01 4.402822197929788794e-01 -2.643849901274093028e+01 5.258160622306755840e+02 -2.663642332473259344e+01 4.225335176841070184e-01 -1.136361245000185871e-01 -5.998098614080343317e-03 -5.317200268253151471e-04 -6.122160959451747190e-04 -4.003735571893287846e-04 -1.290395597764009685e-04 -6.137043569237312030e-05 -5.484051280318709719e-05 -3.395708972484342045e-05 -1.750396000173629662e-05 -1.363403770565962110e-05 -1.135162027875859673e-05 -7.444118575069533519e-06 -5.201012529771042100e-06 -4.535436082702214919e-06 -3.630820066434261700e-06 -2.623304824254087511e-06 -2.153595586663740831e-06 -1.975145703986525541e-06
-4.634127550945876529e-09 -1.538344353686243738e-08 -2.622409281326546594e-08 -3.661535531217223708e-08 -4.833862361926810636e-08 -6.268723071432045834e-08 -7.714154899669624924e-08 -9.175890447599488010e-08 -1.117156419768028291e-07 -1.362126659292359125e-07 -1.590567963596046289e-07 -1.864061437409282510e-07 -2.285849066003243128e-07 -2.745109129350575249e-07 -3.162906374827627918e-07 -3.823100025762194617e-07 -4.816073202273092872e-07 -5.711366756966461384e-07 -6.684241287287131299e-07 -8.637845435929362303e-07 -1.111698737730757618e-06 -1.298932869288254500e-06 -1.623152299220343605e-06 -2.304317738281712865e-06 -2.955870034818320941e-06 -3.484088429030553833e-06 -5.118953449715650136e-06 -8.006642178015004375e-06 -9.867891077796370772e-06 -1.300745722460386188e-05 -2.589111478495045187e-05 -4.285674293956406720e-05 -4.913073996349953746e-05 -1.060857537587250985e-04 -3.377451037444529421e-04 -5.282286225734917273e-04 -4.700701214737844314e-04 -5.296496133623648968e-03 -1.077433694557514005e-01 4.400673989991589763e-01 -2.644091339615253844e+01 5.258161298532444334e+02 -2.663406875948014729e+01 4.227462451733316473e-01 -1.135665005671490230e-01 -5.989847880964127569e-03 -5.309713028404863941e-04 -6.112344477946018506e-04 -3.996547234487874680e-04 -1.287748083015317565e-04 -6.122828650971809470e-05 -5.470445953498184104e-05 -3.386604944882868246e-05 -1.745261812449033179e-05 -1.359145454128628398e-05 -1.131437605837927659e-05 -7.418138338032879402e-06 -5.181747211840064542e-06 -4.517994652711686677e-06 -3.616665369414874284e-06 -2.610634279830425155e-06 -2.243337710887918355e-06
-4.291170853577818409e-09 -1.349850672281713255e-08 -2.283755281314547701e-08 -3.295258440980437712e-08 -4.307654790099443224e-08 -5.422931577311023118e-08 -6.794560660638506877e-08 -8.230102121815201240e-08 -9.686599629554587637e-08 -1.164946432549607558e-07 -1.409075212134122173e-07 -1.639276944182883073e-07 -1.913062691140559797e-07 -2.335869546819512330e-07 -2.798570222142632470e-07 -3.218961622809314386e-07 -3.882793601046809782e-07 -4.883453345088248314e-07 -5.784813258042574307e-07 -6.763683260808201549e-07 -8.719780800870586554e-07 -1.119184231908766286e-06 -1.307218083628984230e-06 -1.634721440273423769e-06 -2.320744678458955634e-06 -2.975697856599707376e-06 -3.505427153676781931e-06 -5.148390433877738780e-06 -8.049520800725623303e-06 -9.915360826775922791e-06 -1.306355172862394223e-05 -2.599338147790401080e-05 -4.300771553475653735e-05 -4.928091953097064274e-05 -1.063694782624578599e-04 -3.385228057794414437e-04 -5.292508408866723486e-04 -4.707894415500872868e-04 -5.304963364128549574e-03 -1.078141101241180677e-01 4.398627074794281278e-01 -2.644321348081366807e+01 5.258161927588281515e+02 -2.663182432080269280e+01 4.229489887189222252e-01 -1.135001048063222912e-01 -5.981978982854660280e-03 -5.302577887277150999e-04 -6.102981738441805911e-04 -3.989688620658744475e-04 -1.285222478561960711e-04 -6.109271438002841672e-05 -5.457464212311308025e-05 -3.377917787740147772e-05 -1.740364528758857034e-05 -1.355083135648368605e-05 -1.127883689041820992e-05 -7.393351318202628945e-06 -5.163391299973850159e-06 -4.501797783103016930e-06 -3.600928632818290372e-06 -2.712764421291003777e-06
-3.886870166903839777e-09 -1.205032345761273351e-08 -2.006082168886542551e-08 -2.916359009319051915e-08 -3.872868036939216628e-08 -4.806242555644577151e-08 -5.904427273704817068e-08 -7.280365520532585588e-08 -8.672677174184728026e-08 -1.009626566787822915e-07 -1.208204721015184712e-07 -1.453473309475977715e-07 -1.681149264417327805e-07 -1.955837926815774483e-07 -2.383779114473386799e-07 -2.848548608176186301e-07 -3.268843850791847669e-07 -3.938438035533976631e-07 -4.949401593277739090e-07 -5.843261430865670087e-07 -6.802468326195423598e-07 -8.774431148314548144e-07 -1.127822533004296284e-06 -1.316948086901807169e-06 -1.646395438412920932e-06 -2.336795394788991108e-06 -2.994860751354391322e-06 -3.525967538709263439e-06 -5.176580033171926946e-06 -8.090455172100532113e-06 -9.960666169129057091e-06 -1.311706817622352344e-05 -2.609080185590243291e-05 -4.315150980350113201e-05 -4.942406239559870413e-05 -1.066397862344096293e-04 -3.392635325202909054e-04 -5.302249652478708197e-04 -4.714756932925339588e-04 -5.313033892276016953e-03 -1.078815455483640440e-01 4.396674453594171528e-01 -2.644540719586726851e+01 5.258162513761567425e+02 -2.662968245873257089e+01 4.231424350656434741e-01 -1.134367177251709019e-01 -5.974465998946507962e-03 -5.295770542719461377e-04 -6.094041938626886196e-04 -3.983137503326606072e-04 -1.282810523337820025e-04 -6.096327088579910162e-05 -5.445063911999445161e-05 -3.369619346206788248e-05 -1.735688084644919764e-05 -1.351203498158079199e-05 -1.124488639363775714e-05 -7.369701965930422670e-06 -5.146401112120137419e-06 -4.483657000171930568e-06 -3.723946504180660019e-06
-3.318848776038763480e-09 -1.084181826835422578e-08 -1.824773924475645853e-08 -2.562629288937872271e-08 -3.404811305681622503e-08 -4.342520927606739075e-08 -5.260970644439699864e-08 -6.313077235114381281e-08 -7.667176296564860578e-08 -9.069517158368576256e-08 -1.048110982942282327e-07 -1.244908098506085064e-07 -1.491837836688602828e-07 -1.721153381190614772e-07 -1.995603875254802575e-07 -2.425930566713046583e-07 -2.894890679688603566e-07 -3.318065324538474240e-07 -3.980350138415090198e-07 -4.976578556353500156e-07 -5.876336537512612528e-07 -6.854014936985421945e-07 -8.844205686779119371e-07 -1.136680094968579907e-06 -1.326626521696861094e-06 -1.657805181601611168e-06 -2.352293659359911804e-06 -3.013279802864235991e-06 -3.545679292657215030e-06 -5.203548666256168555e-06 -8.129537717638766358e-06 -1.000392342654050878e-05 -1.316815789475345817e-05 -2.618369545892626352e-05 -4.328861236790093782e-05 -4.956063983282645762e-05 -1.068975981451296214e-04 -3.399698545978421154e-04 -5.311543069208737432e-04 -4.721310976910220300e-04 -5.320734964528739570e-03 -1.079459021515100925e-01 4.394809757839199249e-01 -2.644750175358875310e+01 5.258163060863751070e+02 -2.662763629805179377e+01 4.233272093861540353e-01 -1.133761392945483865e-01 -5.967285304116722380e-03 -5.289268883766278873e-04 -6.085497008876868683e-04 -3.976873615674372613e-04 -1.280504690375534210e-04 -6.083954773196857755e-05 -5.433206694690564806e-05 -3.361684100324666228e-05 -1.731217845074224014e-05 -1.347494329450656051e-05 -1.121245502447438855e-05 -7.347833642827716403e-06 -5.126565379570613121e-06 -4.655595770703003101e-06
-2.964996939127298412e-09 -9.643700589010127069e-09 -1.637936276008221625e-08 -2.306000029252505447e-08 -3.012924836066348331e-08 -3.843889084936924508e-08 -4.737961388245520052e-08 -5.619909352491898225e-08 -6.675888946764268492e-08 -8.027168101061692268e-08 -9.402569987982233812e-08 -1.080892875128469553e-07 -1.279810978257368391e-07 -1.527272481081875624e-07 -1.755836093381415912e-07 -2.032215432326978721e-07 -2.467618565142709486e-07 -2.928283968550017411e-07 -3.330621416511152094e-07 -3.998424711058135023e-07 -5.016398186389581512e-07 -5.924891644459770528e-07 -6.909245747572870713e-07 -8.914613813681736140e-07 -1.145394388821070802e-06 -1.336061037235990596e-06 -1.668847240355980060e-06 -2.367195826955411522e-06 -3.030947590975382697e-06 -3.564574616683981611e-06 -5.229346413803028496e-06 -8.166870293539470438e-06 -1.004525134314368684e-05 -1.321696824682382684e-05 -2.627235979079061744e-05 -4.341947094671727109e-05 -4.969108527500871618e-05 -1.071437546831705034e-04 -3.406441115329970578e-04 -5.320418815282487507e-04 -4.727576828284098362e-04 -5.328091388306786975e-03 -1.080073861322149303e-01 4.393027179810268246e-01 -2.644950372861644183e+01 5.258163572291608716e+02 -2.662567956455634999e+01 4.235038820304288243e-01 -1.133181868372952206e-01 -5.960415320054814406e-03 -5.283052748282340274e-04 -6.077321315390055330e-04 -3.970878438117134428e-04 -1.278298104770194668e-04 -6.072117279423188205e-05 -5.421857670456407629e-05 -3.354088656191407902e-05 -1.726940228287650864e-05 -1.343948935249831303e-05 -1.118233691623773435e-05 -7.322342979591330132e-06 -5.344553111572967277e-06
-2.771442538674027657e-09 -8.599710491637461701e-09 -1.439999873602093419e-08 -2.085762174242491976e-08 -2.732017944794904298e-08 -3.389011168716557672e-08 -4.189335537956087077e-08 -5.085847218138600712e-08 -5.950801203926659099e-08 -6.976919467056543480e-08 -8.331132489414479544e-08 -9.717300475377568579e-08 -1.110939407977713071e-07 -1.309670222826195684e-07 -1.559679276787269024e-07 -1.790267431610241129e-07 -2.056717163344978562e-07 -2.474215818744248735e-07 -2.938928962392210202e-07 -3.355909796649921802e-07 -4.032000358648222590e-07 -5.060151001332627810e-07 -5.974925835095908879e-07 -6.964565714559502449e-07 -8.983734767284903421e-07 -1.153859077591473972e-06 -1.345189001931463993e-06 -1.679489552937251249e-06 -2.381500311376630606e-06 -3.047882478814543134e-06 -3.582682128338056342e-06 -5.254031421108173265e-06 -8.202554824948918790e-06 -1.008476519676467419e-05 -1.326363912531233397e-05 -2.635706998317069205e-05 -4.354449663983340650e-05 -4.981579688532362124e-05 -1.073790243835403017e-04 -3.412884365400140735e-04 -5.328904408519153594e-04 -4.733573039536069006e-04 -5.335125798722563373e-03 -1.080661856739036919e-01 4.391321412219963416e-01 -2.645141912688929864e+01 5.258164051080693753e+02 -2.662380652078715215e+01 4.236729744063674197e-01 -1.132626931860939712e-01 -5.953836298179578795e-03 -5.277103713075895208e-04 -6.069491400011864986e-04 -3.965135011781734825e-04 -1.276184480855124576e-04 -6.060780730927726046e-05 -5.410984763706339003e-05 -3.346811333899596982e-05 -1.722847991911512447e-05 -1.340658669981795666e-05 -1.114816580251306869e-05 -7.570331219398661167e-06
-2.462923621633266472e-09 -7.786692414953981281e-09 -1.297987257706021219e-08 -1.855078542479788172e-08 -2.457451899949901200e-08 -3.066821634733737744e-08 -3.716802293851789821e-08 -4.504426485619151845e-08 -5.372626852837152940e-08 -6.227329088518379854e-08 -7.259434533332096652e-08 -8.607617209592756442e-08 -9.983475748538141644e-08 -1.138182431303659031e-07 -1.339344050211481100e-07 -1.580492276890729932e-07 -1.791186693530418710e-07 -2.059601950543378967e-07 -2.493158380105067044e-07 -2.964696478465883580e-07 -3.385565057294715602e-07 -4.067586704188945493e-07 -5.104371031089670131e-07 -6.024540821769721114e-07 -7.018852413644601078e-07 -9.050899894368876563e-07 -1.162036893601615686e-06 -1.353990108568871759e-06 -1.689727131712110498e-06 -2.395222384317425010e-06 -3.064113270321901832e-06 -3.600036995129870367e-06 -5.277663588310348574e-06 -8.236689524013893841e-06 -1.012257444039228457e-05 -1.330830173079338299e-05 -2.643807974014054306e-05 -4.366406677921891478e-05 -4.993514043108114033e-05 -1.076041107271912185e-04 -3.419047784298029011e-04 -5.337025007854033195e-04 -4.739316612395836226e-04 -5.341858891151794395e-03 -1.081224728705353633e-01 4.389687595453464763e-01 -2.645325344584388816e+01 5.258164499950644313e+02 -2.662201190983141785e+01 4.238349641192186712e-01 -1.132095050713041867e-01 -5.947530129790589218e-03 -5.271404910325636203e-04 -6.061985753868354664e-04 -3.959627788561097348e-04 -1.274158083152765551e-04 -6.049914088838599115e-05 -5.400558446013431068e-05 -3.339839757428386631e-05 -1.719076215109102750e-05 -1.336775956451431884e-05 -1.150037698575834001e-05
-2.146820060504335840e-09 -7.039627473849048943e-09 -1.189038741440034461e-08 -1.660335618675121446e-08 -2.181717100963765767e-08 -2.778637307752956879e-08 -3.368874753490988921e-08 -3.984981609447171913e-08 -4.765961643542266780e-08 -5.639481811783454307e-08 -6.476761248903888932e-08 -7.495372727592421158e-08 -8.856460192010602415e-08 -1.024761806408155385e-07 -1.154431615326002206e-07 -1.336948251746889856e-07 -1.580522342075430500e-07 -1.804069105740813179e-07 -2.077272807913405321e-07 -2.516464114149791864e-07 -2.992635695196310728e-07 -3.416230536532412006e-07 -4.103330143655087691e-07 -5.147965733282139249e-07 -6.073044160226824008e-07 -7.071655205374179999e-07 -9.115851766087434114e-07 -1.169917018575768865e-06 -1.362461931908715742e-06 -1.699567057216568785e-06 -2.408384592262110221e-06 -3.079672851648168471e-06 -3.616676556826215535e-06 -5.300301741837329507e-06 -8.269367351452987943e-06 -1.015878184724382600e-05 -1.335107835080132745e-05 -2.651562276222174482e-05 -4.377852785295780201e-05 -5.004945212848295612e-05 -1.078196585884728389e-04 -3.424949208972274430e-04 -5.344803658953483543e-04 -4.744823154767635024e-04 -5.348309624600200429e-03 -1.081764054104360634e-01 4.388121271346288599e-01 -2.645501172711526294e+01 5.258164921343400238e+02 -2.662029090604078618e+01 4.239902894766219288e-01 -1.131584817059418380e-01 -5.941480179208985177e-03 -5.265940864508523566e-04 -6.054784631773985678e-04 -3.954342519870110190e-04 -1.272213644521715198e-04 -6.039488541519801278e-05 -5.390562682349531669e-05 -3.333379159377373280e-05 -1.714361783090211227e-05 -1.391506226568946935e-05
-1.984252302221940257e-09 -6.313972370443976243e-09 -1.064818803351699363e-08 -1.514123159592109706e-08 -1.970850365097224106e-08 -2.473099387463859736e-08 -3.040630497973546040e-08 -3.618195606391003732e-08 -4.232401113395588747e-08 -4.999992930199923269e-08 -5.860701086416230910e-08 -6.699364565268252813e-08 -7.729135090775669899e-08 -8.999710795889383831e-08 -1.020473072142426266e-07 -1.150801433508175794e-07 -1.346007554488263608e-07 -1.594734364188702147e-07 -1.821313373257212355e-07 -2.097310721293010984e-07 -2.540920503494931452e-07 -3.020965911563589540e-07 -3.446827005776842923e-07 -4.138534902508227321e-07 -5.190486390213323845e-07 -6.120141256465335985e-07 -7.122784996408378946e-07 -9.178509076772684182e-07 -1.177500642639795486e-06 -1.370610540590649801e-06 -1.709022148276778123e-06 -2.421012461627659016e-06 -3.094595217947824254e-06 -3.632638205704761220e-06 -5.322002323168690945e-06 -8.300675483886222724e-06 -1.019348335032008090e-05 -1.339208259803610038e-05 -2.658991430693537781e-05 -4.388819830241926878e-05 -5.015904132446525818e-05 -1.080262600178986092e-04 -3.430604994966624682e-04 -5.352261510304219755e-04 -4.750107019379880887e-04 -5.354495400003323781e-03 -1.082281280530154044e-01 4.386618342570192675e-01 -2.645669860281581265e+01 5.258165317456688399e+02 -2.661863907169528076e+01 4.241393534489796280e-01 -1.131094935396742829e-01 -5.935671136234754383e-03 -5.260697364087225155e-04 -6.047869902405371987e-04 -3.949266049606051901e-04 -1.270346228332396986e-04 -6.029490705556648296e-05 -5.381238088610677898e-05 -3.325800742618032266e-05 -1.780764887540364839e-05
-1.838785659519683430e-09 -5.713848500746461443e-09 -9.516730535394699652e-09 -1.371963085652945477e-08 -1.800583052693236858e-08 -2.223387678101880514e-08 -2.712614811020977125e-08 -3.280036063994093372e-08 -3.839544723620972972e-08 -4.435636362482906392e-08 -5.207308266376373601e-08 -6.078646386863395287e-08 -6.821091420885080302e-08 -7.669598104858146674e-08 -8.951681110860886351e-08 -1.027055457354975386e-07 -1.160810130774257463e-07 -1.359313014292828966e-07 -1.611263468254347924e-07 -1.839848752852249638e-07 -2.118002667729426472e-07 -2.565492956456644046e-07 -3.049013538273235180e-07 -3.476893443578023485e-07 -4.172887947169549635e-07 -5.231734918757322268e-07 -6.165709654151941380e-07 -7.172174951041347913e-07 -9.238876267333342994e-07 -1.184794865154752048e-06 -1.378446217964738605e-06 -1.718107917232068325e-06 -2.433132387125934218e-06 -3.108913996006874890e-06 -3.647958323105612053e-06 -5.342818813279312783e-06 -8.330695270511619460e-06 -1.022676822160838384e-05 -1.343141986603960611e-05 -2.666115275177358929e-05 -4.399337113223466238e-05 -5.026419297830859057e-05 -1.082244594256437137e-04 -3.436030166405690191e-04 -5.359418003952125210e-04 -4.755181426662757893e-04 -5.360432217071004445e-03 -1.082777739275385259e-01 4.385175036853218300e-01 -2.645831833629272722e+01 5.258165690273078781e+02 -2.661705231878879374e+01 4.242825271601317061e-01 -1.130624211593154321e-01 -5.930088889314961975e-03 -5.255661384297985374e-04 -6.041224830555278836e-04 -3.944386188175384375e-04 -1.268553035895095607e-04 -6.020237978544396940e-05 -5.370533370376475698e-05 -3.409245262110721159e-05
-1.622511540447890849e-09 -5.218906251371057001e-09 -8.734329450465832344e-09 -1.231020055062187037e-08 -1.621691307906353855e-08 -2.035650922688305289e-08 -2.451974162766623437e-08 -2.923635616338877989e-08 -3.475931320748030116e-08 -4.034229462451105178e-08 -4.634876653569828992e-08 -5.317871326072414651e-08 -6.016263569352668187e-08 -6.759339769812994105e-08 -7.712853919131768796e-08 -9.033193522465792023e-08 -1.037701075472566712e-07 -1.173140871264308761e-07 -1.373944649268226386e-07 -1.628484215780494775e-07 -1.858683507632247078e-07 -2.138692976412435262e-07 -2.589736246225819872e-07 -3.076470142244994120e-07 -3.506210433632839316e-07 -4.206242786564100595e-07 -5.271630664827057280e-07 -6.209712233991716587e-07 -7.219821357172226328e-07 -9.297002202716918770e-07 -1.191809748719326599e-06 -1.385981296817011840e-06 -1.726840984527273926e-06 -2.444770541500456338e-06 -3.122661697532057869e-06 -3.662671754307409774e-06 -5.362801536317017530e-06 -8.359502429972918549e-06 -1.025871941432934509e-05 -1.346918788358365814e-05 -2.672952109319250922e-05 -4.409431630330993461e-05 -5.036516993786796639e-05 -1.084147582409302168e-04 -3.441238548783882921e-04 -5.366291044166418382e-04 -4.760058574379042546e-04 -5.366134812712433644e-03 -1.083254656784871789e-01 4.383787875372345266e-01 -2.645987485810982065e+01 5.258166041584194090e+02 -2.661552687524412519e+01 4.244201529719872634e-01 -1.130171543212344920e-01 -5.924720423421108578e-03 -5.250820999648341111e-04 -6.034833982805056169e-04 -3.939695053382802630e-04 -1.266897101265057005e-04 -6.008182265020145518e-05 -5.533279870882246035e-05
-1.457615744808375284e-09 -4.736883594112366415e-09 -7.996654333004934314e-09 -1.119807493558449879e-08 -1.460044303469128716e-08 -1.845442480901400958e-08 -2.241293872462551316e-08 -2.638174742622778607e-08 -3.107991165084279795e-08 -3.666380022489239493e-08 -4.136271279787043242e-08 -4.567221818629075886e-08 -5.252204021218930867e-08 -6.049883990965168720e-08 -6.820454063982297947e-08 -7.794871414398110903e-08 -9.136713479186251158e-08 -1.049646355075869686e-07 -1.186249697159285112e-07 -1.388961410335583440e-07 -1.645776468294290278e-07 -1.877386819064649002e-07 -2.159074250701088728e-07 -2.613434857310498098e-07 -3.103185997505698595e-07 -3.534672671670327667e-07 -4.238536347284717081e-07 -5.310153904230460586e-07 -6.252157372676040492e-07 -7.265754728214626350e-07 -9.352959044426279013e-07 -1.198556761889362158e-06 -1.393228978955108145e-06 -1.735238202195096895e-06 -2.455952290179174376e-06 -3.135869337543595635e-06 -3.676811554776722733e-06 -5.381997639129767039e-06 -8.387167329636909801e-06 -1.028941394565720374e-05 -1.350547726473539762e-05 -2.679518829033712525e-05 -4.419128283838047417e-05 -5.046221495483440124e-05 -1.085976190056034386e-04 -3.446242885097543078e-04 -5.372897145406171438e-04 -4.764749734558638831e-04 -5.371616783199987567e-03 -1.083713164777233701e-01 4.382453644765086920e-01 -2.646137179789641181e+01 5.258166373012951453e+02 -2.661405925497104619e+01 4.245525472129917377e-01 -1.129735911032132417e-01 -5.919553703638473149e-03 -5.246164980131596753e-04 -6.028688308122819289e-04 -3.935290210906695679e-04 -1.264780206117243407e-04 -6.277902177978659560e-05
-1.368624798447414721e-09 -4.291136550013018858e-09 -7.185264901691731975e-09 -1.028053352217605021e-08 -1.338267679251901593e-08 -1.659027973641590829e-08 -2.027526635733768357e-08 -2.419946140627753522e-08 -2.817764364664922269e-08 -3.203826570153442574e-08 -3.602933397119862174e-08 -4.069291704415674324e-08 -4.588914170647147268e-08 -5.302105277945153563e-08 -6.119666176916462918e-08 -6.902552034492729235e-08 -7.889583411799270919e-08 -9.247727426796178735e-08 -1.062005519425680844e-07 -1.199546653446331094e-07 -1.403953877580068018e-07 -1.662849575120165796e-07 -1.895746027938703676e-07 -2.178990563414558183e-07 -2.636481596490374082e-07 -3.129090937584851349e-07 -3.562234914517008139e-07 -4.269750818559337542e-07 -5.347318291347487427e-07 -6.293078520518940611e-07 -7.310024340321659796e-07 -9.406830635316718048e-07 -1.205047912434832255e-06 -1.400202666528056526e-06 -1.743316154490571037e-06 -2.466701882846873153e-06 -3.148566263237232679e-06 -3.690408889537453644e-06 -5.400451159401317193e-06 -8.413755309637983740e-06 -1.031892330359168040e-05 -1.354037201942960264e-05 -2.685831045788722140e-05 -4.428450073110133596e-05 -5.055555248427131068e-05 -1.087734688884099075e-04 -3.451054938115509052e-04 -5.379251564535567857e-04 -4.769265337545489894e-04 -5.376890691809869428e-03 -1.084154309217386786e-01 4.381169372277834428e-01 -2.646281251260744227e+01 5.258166686031828476e+02 -2.661264623127042839e+01 4.246800025952130464e-01 -1.129316370928346164e-01 -5.914577533398735626e-03 -5.241688799498497343e-04 -6.022893723690575648e-04 -3.930419852416504778e-04 -1.294796714618407982e-04
-1.250523837714126582e-09 -3.929096938871472139e-09 -6.540183564690401714e-09 -9.335851460998601868e-09 -1.225137363903298713e-08 -1.516037600870382487e-08 -1.830952422181593612e-08 -2.201398884949250654e-08 -2.514017362400750565e-08 -2.756971057054615486e-08 -3.137838713580092031e-08 -3.621439737722095488e-08 -4.110370233122779336e-08 -4.644357682935140514e-08 -5.371469660485029012e-08 -6.201194052017808065e-08 -6.992027078797159652e-08 -7.988682856247678543e-08 -9.360732929451164981e-08 -1.074394622113779142e-07 -1.212753300812491589e-07 -1.418718647014395222e-07 -1.679555612319242063e-07 -1.913651417261943025e-07 -2.198362319913802537e-07 -2.658826462846488752e-07 -3.154158319031591694e-07 -3.588885801423537768e-07 -4.299894304967381818e-07 -5.383156437380133381e-07 -6.332523233858021119e-07 -7.352689807960040807e-07 -9.458706279091417276e-07 -1.211295301618647614e-06 -1.406915631586360551e-06 -1.751090945547139588e-06 -2.477042394446543494e-06 -3.160780197112466849e-06 -3.703493132384354181e-06 -5.418203302124010254e-06 -8.439327208658119450e-06 -1.034731404178113677e-05 -1.357395029080574926e-05 -2.691903233035799621e-05 -4.437418309120623732e-05 -5.064539074274263290e-05 -1.089427035474586013e-04 -3.455685592721029491e-04 -5.385368429803323977e-04 -4.773615060350997678e-04 -5.381968167570303115e-03 -1.084579058337507423e-01 4.379932303615041711e-01 -2.646420011166205555e+01 5.258166981979350112e+02 -2.661128481320543315e+01 4.248027903473775568e-01 -1.128912047578024963e-01 -5.909782838778669493e-03 -5.237639237013761362e-04 -6.016118638016849625e-04 -3.991445297476583771e-04
-1.111902112082520609e-09 -3.606765441265218138e-09 -6.056415077605759696e-09 -8.472723385657591798e-09 -1.108911678733046506e-08 -1.394668178113873874e-08 -1.684058255721192653e-08 -1.922559249857665746e-08 -2.148396766570124737e-08 -2.453289482058466575e-08 -2.770708926156961050e-08 -3.172151222528593636e-08 -3.670733853742871448e-08 -4.169286914733364152e-08 -4.710783825018087752e-08 -5.447651282399335528e-08 -6.286771644932339006e-08 -7.083753437533985260e-08 -8.088582008592586371e-08 -9.473151023542322579e-08 -1.086623152593043419e-07 -1.225725792604312943e-07 -1.433149273276888402e-07 -1.695818351165703151e-07 -1.931047778206498490e-07 -2.217152066474281806e-07 -2.680451920851203500e-07 -3.178386713153938718e-07 -3.614634007333615565e-07 -4.328990326453510154e-07 -5.417711967369631970e-07 -6.370547057620938841e-07 -7.393816430928071484e-07 -9.508677505634206752e-07 -1.217310911205307719e-06 -1.413380876936430468e-06 -1.758578162170552802e-06 -2.486995816351985956e-06 -3.172537397703508018e-06 -3.716092094737952677e-06 -5.435292878660352046e-06 -8.463940019990307705e-06 -1.037464848539241360e-05 -1.360628533693202490e-05 -2.697748905387806532e-05 -4.446052846014941079e-05 -5.073192407485997929e-05 -1.091056919331633197e-04 -3.460144964789988202e-04 -5.391260867694925392e-04 -4.777807938156065329e-04 -5.386860002565292856e-03 -1.084988309874602291e-01 4.378739883126527288e-01 -2.646553747940338042e+01 5.258167262072520316e+02 -2.660997222460440526e+01 4.249211620986181326e-01 -1.128522167312932256e-01 -5.905240265192125172e-03 -5.230194626991325904e-04 -6.211711139627551460e-04
-1.027254824706935318e-09 -3.289472053575426208e-09 -5.532808181724705702e-09 -7.800475052100549485e-09 -1.012836563824858553e-08 -1.272764203666477561e-08 -1.487973696298429999e-08 -1.639239566342413221e-08 -1.866640500598381454e-08 -2.161894589796689347e-08 -2.484645959891213229e-08 -2.812375374383316769e-08 -3.222572479637996495e-08 -3.729780625793267479e-08 -4.234374898371732146e-08 -4.781088218534097909e-08 -5.525938549180696214e-08 -6.373109598055913228e-08 -7.175335695111349875e-08 -8.187498527694672172e-08 -9.583653648293830730e-08 -1.098590737685823088e-07 -1.238387331871614975e-07 -1.447190016082527355e-07 -1.711600373735914060e-07 -1.947910281590538444e-07 -2.235346287753006883e-07 -2.701358817640211206e-07 -3.201788779944232463e-07 -3.639499289674778859e-07 -4.357070413817490556e-07 -5.451033227434428933e-07 -6.407208165572623189e-07 -7.433470542076796174e-07 -9.556833719048181085e-07 -1.223106191593729331e-06 -1.419610771282250577e-06 -1.765792514657997691e-06 -2.496582640188317950e-06 -3.183862250841185229e-06 -3.728231675337911474e-06 -5.451755841262549141e-06 -8.487646256077667768e-06 -1.040098424070870191e-05 -1.363744512507501173e-05 -2.703380527560017622e-05 -4.454371980249516587e-05 -5.081533295926835204e-05 -1.092627765103401031e-04 -3.464442403060051892e-04 -5.396941040302754558e-04 -4.781852447148456672e-04 -5.391576214861956706e-03 -1.085382896987135970e-01 4.377589735919255043e-01 -2.646682729525011979e+01 5.258167527422095873e+02 -2.660870588453012786e+01 4.250353460366003699e-01 -1.128147182463923176e-01 -5.900265634901030211e-03 -5.539190098329126351e-04
-9.644888858567882419e-10 -3.010947036789833924e-09 -5.017885629792043590e-09 -7.179438873353490195e-09 -9.410084760095915670e-09 -1.106762031712857285e-08 -1.238292583030343942e-08 -1.440865750258666014e-08 -1.652546495169879329e-08 -1.894406652414012512e-08 -2.200107262051203399e-08 -2.530134645307504869e-08 -2.862692378065783494e-08 -3.278440629225408860e-08 -3.792121015138178789e-08 -4.301345253932021214e-08 -4.852261179481630639e-08 -5.604152125085463333e-08 -6.458590459641904857e-08 -7.265539784245805142e-08 -8.284487329961678310e-08 -9.691532463669474992e-08 -1.110244053138946232e-07 -1.250697574598435325e-07 -1.460813505833056876e-07 -1.726886447161647135e-07 -1.964231732283102171e-07 -2.252945360222827016e-07 -2.721558510010644631e-07 -3.224385074615164409e-07 -3.663507271861255226e-07 -4.384169679442155655e-07 -5.483169899751325048e-07 -6.442564567377413797e-07 -7.471716599029380969e-07 -9.603259772259251162e-07 -1.228691924836811712e-06 -1.425616871507620130e-06 -1.772747560814408764e-06 -2.505821731105116743e-06 -3.194777266301789587e-06 -3.739935531976738472e-06 -5.467624840024919148e-06 -8.510494100318947999e-06 -1.042637418991203351e-05 -1.366749104381641760e-05 -2.708809455930243751e-05 -4.462392608436229543e-05 -5.089578250194767801e-05 -1.094142677244652707e-04 -3.468586539881083697e-04 -5.402420265578804833e-04 -4.785756278385866393e-04 -5.396126068885475670e-03 -1.085763594431051055e-01 4.376479651657285141e-01 -2.646807205099226223e+01 5.258167779049588262e+02 -2.660748339590056943e+01 4.251454573435492490e-01 -1.127779294126577958e-01 -5.923871474509943315e-03
-8.729263786466673852e-10 -2.779903270447285275e-09 -4.635940818030897329e-09 -6.595218147504929343e-09 -8.155362686103081866e-09 -9.188433528390645352e-09 -1.067739479596399756e-08 -1.252951073770632171e-08 -1.468416104824302889e-08 -1.687302414178856006e-08 -1.934384179626625584e-08 -2.245624473651210590e-08 -2.580168829288870173e-08 -2.915862722111634297e-08 -3.335924938173021192e-08 -3.855094194619400578e-08 -4.368272560874587989e-08 -4.922869965614712126e-08 -5.681222150263098582e-08 -6.542413631086039787e-08 -7.353757921220799932e-08 -8.379099547206512727e-08 -9.796484576101525358e-08 -1.121564079573389337e-07 -1.262646110670724275e-07 -1.474019207499189916e-07 -1.741686263943050826e-07 -1.980028858336932729e-07 -2.269973118860226887e-07 -2.741086132868467633e-07 -3.246221128087878109e-07 -3.686710046196481380e-07 -4.410351769377380079e-07 -5.514203794254344164e-07 -6.476710740822379593e-07 -7.508659825856176514e-07 -9.648087951084417021e-07 -1.234084632117463053e-06 -1.431417431951087121e-06 -1.779464645495790449e-06 -2.514741765878078850e-06 -3.205317306127581300e-06 -3.751241799784187212e-06 -5.482950567315953240e-06 -8.532556642137938789e-06 -1.045090282801071397e-05 -1.369652216521127617e-05 -2.714052458558721676e-05 -4.470139817515715017e-05 -5.097353948770215953e-05 -1.095606084535898409e-04 -3.472588433699330007e-04 -5.407713851837700827e-04 -4.789532059768058765e-04 -5.400519431017589134e-03 -1.086131161342044626e-01 4.375407515599552544e-01 -2.646927407242507257e+01 5.258168017275218062e+02 -2.660630373983821428e+01 4.252567943093897851e-01 -1.130413823001887863e-01
-7.907752665863587413e-10 -2.559306802715656842e-09 -4.341882695078457268e-09 -5.646364641708110099e-09 -6.505288545345586560e-09 -7.876617050053620671e-09 -9.361053389757820600e-09 -1.094122127678468434e-08 -1.285740549134459463e-08 -1.506176221308859111e-08 -1.728255366819566148e-08 -1.978337676926428805e-08 -2.293648885635139602e-08 -2.631738042705141877e-08 -2.969942935328711699e-08 -3.393798895959148165e-08 -3.917987866719642912e-08 -4.434818042048942167e-08 -4.992884369897355629e-08 -5.757406618308137831e-08 -6.625082963387548203e-08 -7.440709761777100651e-08 -8.472304280979834886e-08 -9.899747714020756995e-08 -1.132697947339125458e-07 -1.274406579608772551e-07 -1.487017135952378932e-07 -1.756245941416884113e-07 -1.995581003636750631e-07 -2.286758032678621812e-07 -2.760334071403088255e-07 -3.267744656289368437e-07 -3.709619285977540496e-07 -4.436235731526728600e-07 -5.544870710933808827e-07 -6.510479149678248747e-07 -7.545291273819583145e-07 -9.692559842377665708e-07 -1.239430097196928340e-06 -1.437180263887746919e-06 -1.786158910385037849e-06 -2.523618704698611122e-06 -3.215801161226052831e-06 -3.762543895943600700e-06 -5.498290565312761748e-06 -8.554546276764947565e-06 -1.047539695042371029e-05 -1.372574348853246686e-05 -2.719298816080530109e-05 -4.477845603327408125e-05 -5.105160262716345151e-05 -1.097078046151612942e-04 -3.476549392294184986e-04 -5.412936878437362700e-04 -4.793417943174778308e-04 -5.404838239295437982e-03 -1.086487398693767176e-01 4.374370435773375365e-01 -2.647043668537561700e+01 5.258168009264186367e+02 -2.660506937118451276e+01 4.196602059740807134e-01
-7.422324187491535624e-10 -2.379749523597103367e-09 -3.619148521303465710e-09 -4.410878282466855414e-09 -5.473929149667741892e-09 -6.695048501282620770e-09 -8.141272588774924947e-09 -9.668271490070068785e-09 -1.127429442824101660e-08 -1.321959062257171457e-08 -1.545326817294763273e-08 -1.769282820578706459e-08 -2.021366978426979631e-08 -2.339877616875144058e-08 -2.680783794311906303e-08 -3.020858535016070669e-08 -3.447818971743884867e-08 -3.976314876513982095e-08 -4.496123779278339949e-08 -5.056916630274184511e-08 -5.826735274478392216e-08 -6.699999279135968369e-08 -7.518953905084774078e-08 -8.555631011468843460e-08 -9.991822080689467548e-08 -1.142576129814479160e-07 -1.284745864396099915e-07 -1.498393133740214994e-07 -1.768971706075072833e-07 -2.009055225507335686e-07 -2.301148191471742226e-07 -2.776831710992779762e-07 -3.286137412773066694e-07 -3.728893376852763653e-07 -4.457845572629120641e-07 -5.570600730224513892e-07 -6.538501493973945132e-07 -7.574998249067354792e-07 -9.728761823306363804e-07 -1.243808038342803334e-06 -1.441761832523122614e-06 -1.791366863292259277e-06 -2.530703060996407054e-06 -3.224103876975338378e-06 -3.770954904503350470e-06 -5.509853332418931568e-06 -8.571907351590790365e-06 -1.049363955737987058e-05 -1.374565514110851950e-05 -2.723301515493034509e-05 -4.483911629095186627e-05 -5.110159548457148101e-05 -1.098070550347296634e-04 -3.479850801341601951e-04 -5.416970179002784285e-04 -4.794103883643175312e-04 -5.408489923935125288e-03 -1.086826488256764922e-01 4.373412303194890161e-01 -2.647147231464293782e+01 5.258164770534239096e+02 -2.658279512593952276e+01
-7.371383815497080098e-10 -1.990106673052955434e-09 -2.727787904485549722e-09 -3.730591520570722969e-09 -4.843059052513962076e-09 -6.003024919542067244e-09 -7.311597112457851395e-09 -8.851819631117236818e-09 -1.047696038895893453e-08 -1.218027574222172285e-08 -1.423430418602466242e-08 -1.659769198535076557e-08 -1.897476897295319772e-08 -2.163578638793281531e-08 -2.498745418910984947e-08 -2.859576786101122289e-08 -3.220059216364306023e-08 -3.668581304808418605e-08 -4.224318925210614883e-08 -4.775688958776874495e-08 -5.367623190076744807e-08 -6.173083587687311962e-08 -7.093253060924636043e-08 -7.962968566908423023e-08 -9.049525553353013447e-08 -1.055014247031464570e-07 -1.206789488084201974e-07 -1.357251675909650700e-07 -1.579669727627804646e-07 -1.862992982021872825e-07 -2.118404065569160764e-07 -2.424593775578267610e-07 -2.918080340165512148e-07 -3.454574246017407791e-07 -3.925864460576271146e-07 -4.681438053617764476e-07 -5.836959327083665392e-07 -6.866444935870198315e-07 -7.957792952633737046e-07 -1.017406321098086996e-06 -1.300421895261171584e-06 -1.513130532507405950e-06 -1.874360603173385871e-06 -2.634022016305984649e-06 -3.367480198119961788e-06 -3.952275516065420548e-06 -5.724462008336820356e-06 -8.882566637307437682e-06 -1.096689187734424356e-05 -1.432872960362530052e-05 -2.800772736236849098e-05 -4.633070089882052143e-05 -5.352328073455536251e-05 -1.126551355985978186e-04 -3.540618981876634294e-04 -5.601368882848219242e-04 -5.081641797177854350e-04 -5.438227556399963768e-03 -1.089916538444541394e-01 4.317187272270225362e-01 -2.645068275018252635e+01 5.244758586672824094e+02
