4.410725698354037831e+02 -1.526393343228798294e+01 5.742220638259828425e-01 -2.234718878607085471e-02 8.225823662777534406e-04 -4.029149446657030010e-05 -1.700873334152217042e-06 -1.162418042514077736e-06 -4.993032572147243214e-07 -2.582736644941960254e-07 -1.331841580669892690e-07 -7.853809440770788257e-08 -4.577678248800959884e-08 -2.907278001800796779e-08 -1.858953505465710747e-08 -1.243045499550718728e-08 -8.502271530826271373e-09 -5.926875559087803192e-09 -4.254902853942763357e-09 -3.075581211750558665e-09 -2.286643991148203272e-09 -1.706809152731961215e-09 -1.302572329123961571e-09 -9.999791023317890770e-10 -7.791141921854285106e-10 -6.125959660164130153e-10 -4.857563547248303889e-10 -3.895728769836722870e-10 -3.138470641676565003e-10 -2.557910293334132363e-10 -2.091130898429412807e-10 -1.726828913741936971e-10 -1.430987383645363091e-10 -1.194773059739822161e-10 -1.002297480525056860e-10 -8.449611275383917049e-11 -7.165305296931121560e-11 -6.094510401065124081e-11 -5.216306386365189897e-11 -4.474260937451305252e-11 -3.859917410767588646e-11 -3.337463151811949309e-11 -2.898973527217434590e-11 -2.525399171589810813e-11 -2.207068636569892337e-11 -1.935803676915760711e-11 -1.701500880753743850e-11 -1.501417976570776159e-11 -1.326950870749853011e-11 -1.177136717496312598e-11 -1.045896241601059519e-11 -9.321695674211813684e-12 -8.324399152397456854e-12 -7.450875910404809990e-12 -6.685177541188496283e-12 -6.007739315831517186e-12 -5.413407254974815747e-12 -4.883792142234653140e-12 -4.417425609886162560e-12 -4.002002743905669374e-12 -3.610820298541097281e-12 -3.561603033845832938e-12
-4.785535823520948639e+01 5.933870901860452705e+02 -2.373342356288818067e+01 9.091241204443913926e-01 -3.627927855866382167e-02 1.210885476604786539e-03 -9.309094548639019432e-05 -1.376351501171572330e-05 -6.724834213937839844e-06 -3.070699256953025927e-06 -1.654889884462187730e-06 -8.921110849865097075e-07 -5.368565684061538820e-07 -3.254174001420269410e-07 -2.095415372878731196e-07 -1.380463120944756571e-07 -9.352528752574623747e-08 -6.532040102695231445e-08 -4.617114937671046015e-08 -3.361150353959089802e-08 -2.464247122207063910e-08 -1.849543988692993168e-08 -1.399098235478730731e-08 -1.075510171167164948e-08 -8.352002701621414765e-09 -6.550372994025505756e-09 -5.197547118811084722e-09 -4.149207544182606287e-09 -3.350523789571473143e-09 -2.717959989242689418e-09 -2.226613154440482336e-09 -1.832614446065858815e-09 -1.519697313930967252e-09 -1.267045498062629574e-09 -1.061994400534628261e-09 -8.954853766100395958e-10 -7.579064298179861866e-10 -6.453330040595315537e-10 -5.511455998262996688e-10 -4.732499383690667384e-10 -4.075879397279053592e-10 -3.525795353923497899e-10 -3.060141215228833081e-10 -2.664862188535871676e-10 -2.329111713380477888e-10 -2.040842378343419718e-10 -1.794866762188465147e-10 -1.581916422869343526e-10 -1.398996233355908178e-10 -1.239826602211699288e-10 -1.101954027661885275e-10 -9.816358834447276503e-11 -8.764846355376338981e-11 -7.845172760492571839e-11 -7.035021916048637564e-11 -6.324337998467313717e-11 -5.694534947944875746e-11 -5.139552203030755336e-11 -4.646275298603427010e-11 -4.203627199903859410e-11 -3.873127504380658463e-11 -3.132131445708224538e-11
1.287702051218603483e+00 -3.476510920577897679e+01 5.960166400929060728e+02 -2.514918428127719707e+01 9.714556554887252560e-01 -3.939128163704007368e-02 1.215391687198024307e-03 -1.252581401632609881e-04 -2.500317963855524259e-05 -1.201739956491407902e-05 -5.633958285576215290e-06 -3.114198740545755036e-06 -1.716180070324919398e-06 -1.051889352999718004e-06 -6.499508263600994860e-07 -4.246121733799170769e-07 -2.842369148909876956e-07 -1.949171194508197659e-07 -1.379316953016874065e-07 -9.852723915694370352e-08 -7.250128600862812941e-08 -5.365222090137795936e-08 -4.062879624632426226e-08 -3.099045730970674951e-08 -2.400139110743213665e-08 -1.877743580951444311e-08 -1.482140555699037125e-08 -1.183822150154315439e-08 -9.503639261821379004e-09 -7.718996837914763192e-09 -6.293394650288537712e-09 -5.181955852661991787e-09 -4.284816498439559567e-09 -3.568954039002731998e-09 -2.988408806496004087e-09 -2.514537120238715511e-09 -2.128712847951798504e-09 -1.807919948315317935e-09 -1.544980532367385389e-09 -1.323676626784755788e-09 -1.140323515337094392e-09 -9.850185362966016445e-10 -8.545736443276523787e-10 -7.437927900866615343e-10 -6.494106126562982820e-10 -5.690987745693584528e-10 -4.998402359566505241e-10 -4.406901873787646489e-10 -3.892538268322900023e-10 -3.450325665278994723e-10 -3.064088003370748689e-10 -2.729020833608230620e-10 -2.435882806252003466e-10 -2.179053949166641233e-10 -1.954137722625319335e-10 -1.755354777110201709e-10 -1.580894045806131538e-10 -1.425812111489264197e-10 -1.288147921366711164e-10 -1.177963823222907002e-10 -9.673824212795976128e-11 -7.240730987326968427e-11
-2.163681025051507889e-01 1.314286405258424217e+00 -3.229429841958343417e+01 5.967307297053382626e+02 -2.589046797154298574e+01 1.004897835939496220e+00 -4.120480080409009982e-02 1.191788038978564565e-03 -1.513724964554157720e-04 -3.480138593687584226e-05 -1.675202358214033819e-05 -7.973982682871164789e-06 -4.478242353215793888e-06 -2.501835278875511239e-06 -1.552122097631411963e-06 -9.711864689057047512e-07 -6.407440912289986620e-07 -4.337083691391405638e-07 -2.999371728569037229e-07 -2.142818872269634308e-07 -1.542270434449152182e-07 -1.144042616520101529e-07 -8.525222284021814297e-08 -6.499442947687375304e-08 -4.989697412790784310e-08 -3.886469294859967404e-08 -3.058702580786491216e-08 -2.426234891153255162e-08 -1.948335083348785370e-08 -1.571060045431699942e-08 -1.282122768915163802e-08 -1.049642594126135244e-08 -8.678570896111390878e-09 -7.204083302531763717e-09 -6.022125471791056182e-09 -5.061148542307355128e-09 -4.272123723124520448e-09 -3.629050201312671998e-09 -3.091061319192006629e-09 -2.649770332651450591e-09 -2.276373980953458434e-09 -1.966526664223174176e-09 -1.703127481075090193e-09 -1.481234778127543151e-09 -1.292454422402569934e-09 -1.130941635934387944e-09 -9.934425271106400611e-10 -8.743131274241986961e-10 -7.725536786230695062e-10 -6.836965548926865344e-10 -6.072415551716637207e-10 -5.402748031487914385e-10 -4.820618657734228921e-10 -4.310659415976768121e-10 -3.862449592803861313e-10 -3.469859082250623498e-10 -3.121695950074002923e-10 -2.814743699154461026e-10 -2.560551537118554850e-10 -2.152825926695263748e-10 -1.645660060119187307e-10 -1.371619117186185784e-10
-4.022872282794794779e-02 -7.373068574446864365e-02 1.259032201949903618e+00 -3.119956728122358314e+01 5.970208280573283446e+02 -2.634950147753938410e+01 1.025890237591891463e+00 -4.241439107016171245e-02 1.161806557003015146e-03 -1.731266358002628704e-04 -4.332177236977011138e-05 -2.094350284618796322e-05 -1.007689860361120727e-05 -5.721216163136570337e-06 -3.227433916547464929e-06 -2.019190176057048113e-06 -1.274939218027930940e-06 -8.470442136706544060e-07 -5.780288802690750063e-07 -4.022338561712939187e-07 -2.893987476972764022e-07 -2.095009848877157404e-07 -1.563384235781631228e-07 -1.171445473070383581e-07 -8.976163572742607784e-08 -6.927137599373576729e-08 -5.419159349836219654e-08 -4.285578310894012712e-08 -3.412773631869915220e-08 -2.752472434880867855e-08 -2.227626235524094738e-08 -1.824873060538069439e-08 -1.499229633541297150e-08 -1.243692406878516474e-08 -1.035872152788398139e-08 -8.684434737050417024e-09 -7.321854075191559684e-09 -6.196752644814540962e-09 -5.279368026622649530e-09 -4.507944749703971405e-09 -3.874502216649605612e-09 -3.336559321855140888e-09 -2.889095582336379538e-09 -2.507999670522795934e-09 -2.185757839451039521e-09 -1.911476336143250057e-09 -1.675784402032002400e-09 -1.475133992225806588e-09 -1.300585206969970535e-09 -1.151408711282157970e-09 -1.020772915230222398e-09 -9.081799034648044318e-10 -8.094232825769476232e-10 -7.233288599610655513e-10 -6.478937005866512389e-10 -5.813725893834892488e-10 -5.229214543306095261e-10 -4.737068236578652647e-10 -4.035557082041030204e-10 -3.197642926205743785e-10 -2.641127645214813855e-10 -2.273229528185751630e-10
-2.672914096278395171e-02 -5.147211711208791139e-03 -6.401331181860904496e-02 1.228698150242000020e+00 -3.057950592839288717e+01 5.971668681239051466e+02 -2.666231228473311887e+01 1.040320789493557774e+00 -4.328524759715682291e-02 1.131807612236639289e-03 -1.915399554600376233e-04 -5.076554385356611037e-05 -2.466121214845937298e-05 -1.196654983124621356e-05 -6.849969931483617632e-06 -3.893158993484458861e-06 -2.451199901855146984e-06 -1.558380456843242708e-06 -1.040922245268881262e-06 -7.147046063360766205e-07 -4.997746378129717079e-07 -3.614967235688170071e-07 -2.629130336025119595e-07 -1.970914689162490169e-07 -1.483433040550331711e-07 -1.141140344195143914e-07 -8.843880899652336387e-08 -6.942846872139781272e-08 -5.511977430159017111e-08 -4.403682941227324377e-08 -3.564026727261301708e-08 -2.893454009852668346e-08 -2.377556783567079260e-08 -1.959214937030342422e-08 -1.629642206168863001e-08 -1.361270037334140119e-08 -1.144022775909325356e-08 -9.671343197035275092e-09 -8.203923493414824052e-09 -7.006497775251703889e-09 -5.995973964571662003e-09 -5.164667659190980170e-09 -4.457247122335367940e-09 -3.866990993090228241e-09 -3.363945210871985381e-09 -2.936944107346883843e-09 -2.573475313746412750e-09 -2.259963283364538376e-09 -1.992969759733517315e-09 -1.760045845743138996e-09 -1.560713095918808355e-09 -1.385889152406552535e-09 -1.234839455604363178e-09 -1.102306986144532386e-09 -9.864165902588892307e-10 -8.846322454447756840e-10 -7.983480630570245012e-10 -6.858498181762370337e-10 -5.561370934848865547e-10 -4.684118233525930904e-10 -3.948407524657239570e-10 -3.466691861362352368e-10
-1.182219511888503612e-02 -3.338069219910689417e-03 -2.574745152811356696e-03 -5.978751407483887809e-02 1.209048833898585418e+00 -3.017984083105922366e+01 5.972506285248522317e+02 -2.688933653267534041e+01 1.050857531994236815e+00 -4.394467601729497297e-02 1.103806966564543175e-03 -2.073178561573177511e-04 -5.730524054686724329e-05 -2.797271366069877324e-05 -1.366938017415592883e-05 -7.876715318922095514e-06 -4.503854738652310357e-06 -2.850336951589806348e-06 -1.821994277211782353e-06 -1.222347028885940614e-06 -8.433024069869930519e-07 -5.920730195593610501e-07 -4.300418231634499893e-07 -3.139666046848529925e-07 -2.362109558710082336e-07 -1.784413620882840396e-07 -1.377034256130162252e-07 -1.070893830046456315e-07 -8.431516490087111274e-08 -6.714920482626199222e-08 -5.379666191460508967e-08 -4.366136054042269570e-08 -3.554222829802321689e-08 -2.927775938924685577e-08 -2.418920781361279469e-08 -2.016538529698030205e-08 -1.688608853133696315e-08 -1.422100118063707744e-08 -1.204940930600297114e-08 -1.024190053246882564e-08 -8.764864314783498457e-09 -7.515652749403167932e-09 -6.485491338417741090e-09 -5.607993195704912619e-09 -4.873480411219447003e-09 -4.247318359957092803e-09 -3.714036788728090796e-09 -3.259952804188702167e-09 -2.867213847149881840e-09 -2.532398943779414994e-09 -2.239826365777514980e-09 -1.988942535759859051e-09 -1.768779972562574557e-09 -1.578057441007842440e-09 -1.410387239358419729e-09 -1.268195876941539467e-09 -1.095305341305026865e-09 -9.029844391478394088e-10 -7.693157323951378495e-10 -6.574710545206062874e-10 -5.617407620798916149e-10 -4.993724847484386689e-10
-8.482718566525168993e-03 -1.690797996717897846e-03 -1.994870414495299778e-03 -1.427410300632863923e-03 -5.746231950933794463e-02 1.195328620138092379e+00 -2.990064479911767137e+01 5.973030984276934987e+02 -2.706166817773855726e+01 1.058891612759596867e+00 -4.446244201037753696e-02 1.078338999705016335e-03 -2.209775117891869258e-04 -6.308349582767507958e-05 -3.093595485246417411e-05 -1.520904973835389057e-05 -8.813266892552336354e-06 -5.065004275308107541e-06 -3.219544284259424134e-06 -2.067174606051438915e-06 -1.392020140896874032e-06 -9.641003264079468718e-07 -6.791909777143795205e-07 -4.949886079724697288e-07 -3.625456654527389235e-07 -2.735695175299489978e-07 -2.072920020602095718e-07 -1.603962353662688333e-07 -1.250896054219423029e-07 -9.873436378542085176e-08 -7.883473960201659409e-08 -6.331085145864821638e-08 -5.150165114097696565e-08 -4.202240663834709191e-08 -3.468814617504120436e-08 -2.872314261304016253e-08 -2.399160478304338684e-08 -2.013186231501434587e-08 -1.698604702284152965e-08 -1.441955876456782540e-08 -1.227877498618511734e-08 -1.052605461443597619e-08 -9.041844811509064466e-09 -7.814772639539917661e-09 -6.768932591142742852e-09 -5.891067950790931670e-09 -5.142357284797272732e-09 -4.503144874276873875e-09 -3.958373711930170988e-09 -3.486410120618437321e-09 -3.083399336584913165e-09 -2.730955619545263018e-09 -2.428071898421950795e-09 -2.161808924768451128e-09 -1.936643032229677023e-09 -1.677902185071472210e-09 -1.400362954043261751e-09 -1.201949308182943513e-09 -1.035337836455610855e-09 -8.938733090126495063e-10 -7.694917316972752006e-10 -6.908570147144973402e-10
-5.123901023820336478e-03 -1.104374811701338719e-03 -1.025461499006067451e-03 -1.433379571915539049e-03 -8.565974453260447692e-04 -5.597261159011251291e-02 1.185215087975463488e+00 -2.969452770031631061e+01 5.973381319867677348e+02 -2.719697160801733204e+01 1.065221030977000050e+00 -4.488031092303667452e-02 1.055398231880737845e-03 -2.329099881856549971e-04 -6.821764249724201513e-05 -3.359954239537338787e-05 -1.660605225479480060e-05 -9.670044441782228484e-06 -5.581774524562888955e-06 -3.561676195665654257e-06 -2.295493729989086617e-06 -1.550812922109728155e-06 -1.077600932095388252e-06 -7.613799104270479627e-07 -5.564770932030798620e-07 -4.086933556599264228e-07 -3.091770480410969320e-07 -2.348685498178389398e-07 -1.821574353381382500e-07 -1.423940239585364456e-07 -1.126393470912018987e-07 -9.012981995291351383e-08 -7.253366436843900819e-08 -5.911958225375412546e-08 -4.833504252168157946e-08 -3.997137333064086358e-08 -3.316050951999783487e-08 -2.774570117134670162e-08 -2.332285514834034063e-08 -1.971121411895355073e-08 -1.675989703454175158e-08 -1.429482159191245596e-08 -1.227250146190040181e-08 -1.055853466618879992e-08 -9.138341812055725905e-09 -7.927088905051255166e-09 -6.908278449660225610e-09 -6.038579223279211010e-09 -5.294913112209005542e-09 -4.660245126540420413e-09 -4.109894568767212253e-09 -3.639104234982331755e-09 -3.226706044226349116e-09 -2.878986045161252514e-09 -2.498209572236502141e-09 -2.104106762592208809e-09 -1.814321514489396942e-09 -1.570967431466459634e-09 -1.363469317071848168e-09 -1.183282337373679173e-09 -1.025598359624974083e-09 -9.261527026203353870e-10
-3.686432977043387939e-03 -6.954554884933590326e-04 -6.521386107589999303e-04 -7.154704833239523181e-04 -1.157793371171024748e-03 -5.193723828043308099e-04 -5.493154569316067298e-02 1.177454431226661713e+00 -2.953609404766187296e+01 5.973626822154337788e+02 -2.730603507002059160e+01 1.070336748182205922e+00 -4.522494004000063295e-02 1.034788638129740699e-03 -2.434170022970681658e-04 -7.280419854824233042e-05 -3.600414508534804215e-05 -1.787800099379048956e-05 -1.045606908890100189e-05 -6.058812147788106170e-06 -3.879320802993109850e-06 -2.508462843451787674e-06 -1.699591168462942617e-06 -1.184350927354987712e-06 -8.389508425544539123e-07 -6.147077841673603547e-07 -4.525177171903786571e-07 -3.430982179376037840e-07 -2.612005186472245017e-07 -2.029969056283346261e-07 -1.590006511827860176e-07 -1.260185422940059479e-07 -1.010206859580758405e-07 -8.144675181376476016e-08 -6.649770326014520460e-08 -5.446097357136501753e-08 -4.510991087220325527e-08 -3.748385529126420035e-08 -3.141154837899489840e-08 -2.644391363323133327e-08 -2.238233344520337427e-08 -1.905762334728808757e-08 -1.627795992277135321e-08 -1.399344043569142538e-08 -1.205558611363901978e-08 -1.044718717451585668e-08 -9.074069658593546884e-09 -7.917556081089431212e-09 -6.929047310939962123e-09 -6.083015760164896473e-09 -5.359878378623351559e-09 -4.731852718331826999e-09 -4.202615858071598257e-09 -3.648030656992797197e-09 -3.092765494395998252e-09 -2.673763764826336118e-09 -2.322571252477006571e-09 -2.021541321989981195e-09 -1.761442445130488262e-09 -1.535966670256177499e-09 -1.335829998117160662e-09 -1.213381598515838315e-09
-2.686696334903134441e-03 -5.003250950501640605e-04 -4.132299540090322377e-04 -4.475187459258206705e-04 -5.624642905700309682e-04 -9.956472555570825521e-04 -2.986500976055468768e-04 -5.416078464654183744e-02 1.171312310386747102e+00 -2.941050136851521657e+01 5.973805513917199050e+02 -2.739582315525921530e+01 1.074557549916844934e+00 -4.551419737511359920e-02 1.016260718221359289e-03 -2.527349854078999821e-04 -7.692267230169828700e-05 -3.818387044632130773e-05 -1.904001177653755355e-05 -1.117915547489372278e-05 -6.500225333682339598e-06 -4.174788598906646034e-06 -2.707462607306130736e-06 -1.839169171054266841e-06 -1.284875050978099112e-06 -9.122234715149019483e-07 -6.698916597312217931e-07 -4.941514978912183070e-07 -3.754172242632812901e-07 -2.863419039369766524e-07 -2.229444864080202479e-07 -1.749284902687226257e-07 -1.388784783820322357e-07 -1.115100745787750463e-07 -9.004674384372466790e-08 -7.363142901980682038e-08 -6.039322934933579021e-08 -5.009620340662584512e-08 -4.168518207089652285e-08 -3.498081697073371326e-08 -2.948723726071719517e-08 -2.499141617357560506e-08 -2.130551277279859160e-08 -1.822098634303271357e-08 -1.568240157486892623e-08 -1.352675591830494372e-08 -1.173559832936914790e-08 -1.020453308756901341e-08 -8.913934840463665857e-09 -7.809278160481621585e-09 -6.862560809965384578e-09 -6.062746495888113814e-09 -5.259618533431227017e-09 -4.478133613254377383e-09 -3.875837092982780812e-09 -3.371928492495990255e-09 -2.938134036188925255e-09 -2.565886118750508324e-09 -2.242140634305537942e-09 -1.959958884408241006e-09 -1.710995321293983058e-09 -1.558620689506239673e-09
-1.947496756164602671e-03 -3.613952833804592131e-04 -2.982348478990795929e-04 -2.798683323223699919e-04 -3.467416693965455921e-04 -4.725139588817190155e-04 -8.897401698448312085e-04 -1.437020868736969034e-04 -5.356612891198299364e-02 1.166330707923548315e+00 -2.930849156301455949e+01 5.973939616203816740e+02 -2.747103429636829119e+01 1.078099496643818433e+00 -4.576053350753529758e-02 9.995657898760955222e-04 -2.610516552849717837e-04 -8.063876619168587156e-05 -4.016744351630741712e-05 -2.010504935313245264e-05 -1.184609478147191296e-05 -6.909625760989357503e-06 -4.450143295281623207e-06 -2.893730559192309012e-06 -1.970297027850354504e-06 -1.379655797165882675e-06 -9.815073830793037130e-07 -7.222321479057121957e-07 -5.337323252152382903e-07 -4.062228474159987897e-07 -3.103558245091942004e-07 -2.420389448099128894e-07 -1.902054587752101602e-07 -1.512348832583526885e-07 -1.216086630714522938e-07 -9.833873914699856858e-08 -8.052289729507370385e-08 -6.613177364944121401e-08 -5.492832693954574540e-08 -4.576212060932065640e-08 -3.844990836607770766e-08 -3.244937817178558371e-08 -2.753435720810354928e-08 -2.349977136013779099e-08 -2.011990502046184472e-08 -1.733559679146548234e-08 -1.496835816341320970e-08 -1.300001417226455978e-08 -1.131524080571275886e-08 -9.893463593834030470e-09 -8.687284415763759570e-09 -7.525853571915630359e-09 -6.421476256152241503e-09 -5.557969240495148985e-09 -4.835194358560424196e-09 -4.212563473450771415e-09 -3.681499177543343293e-09 -3.218656256955725967e-09 -2.818528051082937811e-09 -2.468760728242860558e-09 -2.159064052088902192e-09 -1.973441855484918352e-09
-1.567608227413918058e-03 -2.712578444134784933e-04 -2.136318345184587192e-04 -2.009429872248205164e-04 -2.142073718433040361e-04 -2.876236683435247636e-04 -4.139275337700994324e-04 -8.154638348688274946e-04 -2.928663193968171924e-05 -5.309289115710043305e-02 1.162209338912618684e+00 -2.922398915467404024e+01 5.974042822555879866e+02 -2.753495374901554271e+01 1.081114242004830306e+00 -4.597290276086907213e-02 9.844761507235297651e-04 -2.685178053221743614e-04 -8.400699193602265483e-05 -4.197915827615043155e-05 -2.108424557489750088e-05 -1.246281385171778237e-05 -7.290183746220528633e-06 -4.707228880974282871e-06 -3.068370123658225772e-06 -2.093661371240875966e-06 -1.469131497807278149e-06 -1.047092876435601190e-06 -7.719195285544971765e-07 -5.713939127014742391e-07 -4.356031163269717479e-07 -3.333064294775825615e-07 -2.603224126477513525e-07 -2.048624288267985105e-07 -1.631082700829094449e-07 -1.313306043234754696e-07 -1.063322851232180983e-07 -8.717773214851753484e-08 -7.168049769757755075e-08 -5.960766010251806283e-08 -4.971544125889133597e-08 -4.181813045223160462e-08 -3.532946116150558816e-08 -3.000958519291335395e-08 -2.563866994427073730e-08 -2.197278976134978747e-08 -1.895094868734656253e-08 -1.637846369492856234e-08 -1.423746155537786289e-08 -1.241693728483888728e-08 -1.073193326162276357e-08 -9.159157398705422675e-09 -7.920211661414802526e-09 -6.879605003433831910e-09 -5.987398920129879320e-09 -5.228718521168967647e-09 -4.568412735496553450e-09 -4.001859881397326798e-09 -3.505739753406048786e-09 -3.075561285053867979e-09 -2.693998391868457970e-09 -2.466290481080954494e-09
-1.171833761577329358e-03 -2.127114301424912906e-04 -1.630000110359510477e-04 -1.426111561288581403e-04 -1.526543647910544115e-04 -1.757593851501455503e-04 -2.492455741899031333e-04 -3.729668322418205634e-04 -7.606317112720480979e-04 5.848504058928027526e-05 -5.270704572026258666e-02 1.158743209718809508e+00 -2.915284138414310533e+01 5.974123945480176872e+02 -2.758994803886363556e+01 1.083711379623929494e+00 -4.615791669799958891e-02 9.707909296564561129e-04 -2.752558401087728244e-04 -8.707279931180117775e-05 -4.363965560770455222e-05 -2.198717749827068765e-05 -1.303449729693468628e-05 -7.644685585123397835e-06 -4.947695516874644858e-06 -3.232366672075969515e-06 -2.209886564196975580e-06 -1.553699766914517803e-06 -1.109248183013905829e-06 -8.191309320445738344e-07 -6.072616122702611850e-07 -4.636428398549641035e-07 -3.552553799410844538e-07 -2.778379396337569795e-07 -2.189303695219214304e-07 -1.745210785315993036e-07 -1.406913660354313119e-07 -1.140391564364163252e-07 -9.360343873198948339e-08 -7.704522331879736781e-08 -6.413752333844296443e-08 -5.354763292661475581e-08 -4.508666253723728090e-08 -3.812806155402878445e-08 -3.241711788335737876e-08 -2.772175423201832790e-08 -2.377912944116502263e-08 -2.052653305424037265e-08 -1.777077672323635448e-08 -1.530565274521921951e-08 -1.304391408013986825e-08 -1.125779740305457507e-08 -9.749834563247107909e-09 -8.469778824641486817e-09 -7.380618719393185040e-09 -6.439005912200426840e-09 -5.634446139657923891e-09 -4.931416909076768006e-09 -4.326566896743610502e-09 -3.795769490045585941e-09 -3.329121332571458963e-09 -3.051984161242471565e-09
-9.832409189355201511e-04 -1.654342451422585454e-04 -1.262569160976576043e-04 -1.087163805794240346e-04 -1.074364886779878792e-04 -1.242831248828501166e-04 -1.508674876232449821e-04 -2.225123402729192572e-04 -3.428190731007745777e-04 -7.185605044978851230e-04 1.278525023623371083e-04 -5.238626753993373686e-02 1.155787628605472461e+00 -2.909211310505592962e+01 5.974188865033481761e+02 -2.763776528182727432e+01 1.085972084965391105e+00 -4.632056703139424830e-02 9.583359828510568806e-04 -2.813660768920718275e-04 -8.987428552982420430e-05 -4.516654424920874385e-05 -2.282210897613963163e-05 -1.356569125063739124e-05 -7.975587392878427727e-06 -5.173018450953092561e-06 -3.386602957597327142e-06 -2.319538710144069725e-06 -1.633723071584022299e-06 -1.168218532619468212e-06 -8.640307976504097278e-07 -6.414511904477992063e-07 -4.904229836043100857e-07 -3.762605088501038110e-07 -2.946276958309106164e-07 -2.324392151402402210e-07 -1.854961877029315189e-07 -1.497068251954123858e-07 -1.214718209193254354e-07 -9.980849084732471715e-08 -8.223262916813293984e-08 -6.852245068469510013e-08 -5.726201940542683064e-08 -4.825779764536086698e-08 -4.084659524587963066e-08 -3.475805122833400224e-08 -2.974827959844413536e-08 -2.555587224890425417e-08 -2.190034337604338486e-08 -1.861219537768842847e-08 -1.601269784217079472e-08 -1.381038919643800401e-08 -1.196480159692035320e-08 -1.038997471132583894e-08 -9.044476180201616713e-09 -7.895050248308969056e-09 -6.898126034014889783e-09 -6.044434115793882675e-09 -5.296809985282628868e-09 -4.652849633340572959e-09 -4.080043548518932079e-09 -3.744702782973523720e-09
-7.699384551995166028e-04 -1.356194167522252220e-04 -9.989988340906393223e-05 -8.375395205826005108e-05 -8.155525717851810658e-05 -8.678697271911631965e-05 -1.059037620614142628e-04 -1.335767710964094312e-04 -2.029083645429608028e-04 -3.197509761746702246e-04 -6.852949134562199814e-04 1.839987249632736262e-04 -5.211527881058073547e-02 1.153237565337476012e+00 -2.903967086190600710e+01 5.974241626579150761e+02 -2.767972487787666580e+01 1.087957768933282221e+00 -4.646469526837325448e-02 9.469615128062129281e-04 -2.869314464724961075e-04 -9.244356472802939067e-05 -4.657490945481218434e-05 -2.359619709025750453e-05 -1.406038703552136971e-05 -8.285061132807120462e-06 -5.384516648983080951e-06 -3.531873621953781479e-06 -2.423129513374295760e-06 -1.709532625784305474e-06 -1.224227373187378667e-06 -9.067720710996245819e-07 -6.740689724583770973e-07 -5.160198520964452130e-07 -3.963756766166556999e-07 -3.107321630372910905e-07 -2.454176311369837225e-07 -1.960558079995826349e-07 -1.583927839560839538e-07 -1.286426964095197091e-07 -1.058018979047621671e-07 -8.724959678172856720e-08 -7.276760987533678276e-08 -6.086232633833347767e-08 -5.133457145194309289e-08 -4.348573243647142270e-08 -3.705295349842395398e-08 -3.153481663166174936e-08 -2.669657687882109248e-08 -2.285859699300189352e-08 -1.961464995904738791e-08 -1.692830599032844153e-08 -1.463273228146294379e-08 -1.269950441981858779e-08 -1.104431438749828385e-08 -9.626620537380524060e-09 -8.413257030893351095e-09 -7.358960404706022942e-09 -6.454951277349484438e-09 -5.662422241248270578e-09 -4.970840759464788341e-09 -4.560955127755347339e-09
-6.525500123816914888e-04 -1.093351379909951183e-04 -8.120090189271405732e-05 -6.627384901245449091e-05 -6.251636815407434693e-05 -6.553937132267015938e-05 -7.342457396961283927e-05 -9.314696863455354005e-05 -1.209312254627092236e-04 -1.879595112045643777e-04 -3.015566741034964092e-04 -6.583514324097921623e-04 2.303402575064917906e-04 -5.188326031691672946e-02 1.151014939889333455e+00 -2.899392659914239090e+01 5.974285087316096678e+02 -2.771684138985713730e+01 1.089715749804433420e+00 -4.659330726544320261e-02 9.365390116872198897e-04 -2.920210580017621404e-04 -9.480786297179080388e-05 -4.787772409445892183e-05 -2.431566394491848404e-05 -1.452209518889173782e-05 -8.575034735772306391e-06 -5.583368957325595788e-06 -3.668895858530244895e-06 -2.521121444654823129e-06 -1.781432072868954249e-06 -1.277478283088214399e-06 -9.474964438772434843e-07 -7.052127180442671190e-07 -5.405049366253818564e-07 -4.156511950335016222e-07 -3.261894184157647898e-07 -2.578929380266727551e-07 -2.062210486466201009e-07 -1.667648171821100944e-07 -1.355637141916634161e-07 -1.115927906603008858e-07 -9.210294884135476684e-08 -7.687856514081982970e-08 -6.435105781028525659e-08 -5.434170101503063122e-08 -4.583888066413932269e-08 -3.861573206531427423e-08 -3.284408395262673084e-08 -2.801995107831009819e-08 -2.405379715756077380e-08 -2.067868645633286786e-08 -1.787336514891039508e-08 -1.546927171317744707e-08 -1.344087146653836852e-08 -1.170131687670658249e-08 -1.020924513226139154e-08 -8.930761119379459348e-09 -7.818478336760486635e-09 -6.864293848100992322e-09 -6.016901104127895245e-09 -5.526235157005370109e-09
-5.366282014796403032e-04 -9.167857202350459861e-05 -6.621586142490780728e-05 -5.375159162784315934e-05 -4.932735559660876936e-05 -4.998361156900425235e-05 -5.515994025966235756e-05 -6.416200004213089021e-05 -8.383066442202082187e-05 -1.113129730723610717e-04 -1.762056819912183520e-04 -2.868537426284235988e-04 -6.360952173857429117e-04 2.692171904875576200e-04 -5.168232939698504114e-02 1.149060502793407323e+00 -2.895367380468550778e+01 5.974321311775894401e+02 -2.774990780083809128e+01 1.091283077374622046e+00 -4.670878954503618341e-02 9.269582166980845769e-04 -2.966929255627678516e-04 -9.699039132114019659e-05 -4.908618882060370147e-05 -2.498594071398756812e-05 -1.495390860455181017e-05 -8.847224074485208903e-06 -5.770630127404578493e-06 -3.798318755364194175e-06 -2.613932959156834392e-06 -1.849699494308279458e-06 -1.328157222099796453e-06 -9.863350072582135699e-07 -7.349727778684367135e-07 -5.639446027099516999e-07 -4.341341629722456922e-07 -3.410350046136625299e-07 -2.698912310187862994e-07 -2.160116883296806504e-07 -1.748380123813755629e-07 -1.422462228090316081e-07 -1.171903115334161488e-07 -9.679777096015213645e-08 -8.088497038871286560e-08 -6.749674084658635773e-08 -5.650677011928482811e-08 -4.764362587265385019e-08 -4.038167127058365747e-08 -3.441875059967012229e-08 -2.940911297798756432e-08 -2.527872460322218526e-08 -2.175559463212234433e-08 -1.882315366203856103e-08 -1.630638206229509095e-08 -1.418064615473114911e-08 -1.235566438134485587e-08 -1.078876554610075040e-08 -9.445040568585315747e-09 -8.275368006810996392e-09 -7.259274538147466831e-09 -6.656966694623134734e-09
-4.544321944231270683e-04 -7.643911561638653206e-05 -5.544071517433107671e-05 -4.382230757852103101e-05 -3.990579269697772482e-05 -3.928988986437701201e-05 -4.185657234350252789e-05 -4.796486512005776866e-05 -5.740749994848818140e-05 -7.675627569872449222e-05 -1.037685952788355560e-04 -1.667336438464129698e-04 -2.747338478782454648e-04 -6.174076611202317403e-04 3.022842623651751529e-04 -5.150660346478866392e-02 1.147328483012989953e+00 -2.891797939125276429e+01 5.974351821817982682e+02 -2.777955288980134441e+01 1.092689175642272748e+00 -4.681306150222740853e-02 9.181243504598240101e-04 -3.009960833452674715e-04 -9.901104596833054639e-05 -5.021001134132435255e-05 -2.561178509193598365e-05 -1.535855864400150530e-05 -9.103160500746971048e-06 -5.947245495842101486e-06 -3.920729962494745649e-06 -2.701943593433535150e-06 -1.914589596287087217e-06 -1.376434795178454570e-06 -1.023408519379577385e-06 -7.634329310476362782e-07 -5.864003027990702826e-07 -4.518688750228306922e-07 -3.553019107649156493e-07 -2.814372694849536829e-07 -2.254462419498384411e-07 -1.826269826157631731e-07 -1.486992363498691387e-07 -1.226302893171119001e-07 -1.010761316286047065e-07 -8.392109481179853166e-08 -7.001022367244777490e-08 -5.889230206309120857e-08 -4.974080805508189762e-08 -4.221480093694028032e-08 -3.602092559212830926e-08 -3.080767517556688731e-08 -2.650463926567856306e-08 -2.282947431554256436e-08 -1.976801097816741039e-08 -1.713783283926813705e-08 -1.491462649074213496e-08 -1.300442294216905484e-08 -1.136305410406063586e-08 -9.955133997834697752e-09 -8.714238949130600466e-09 -7.996241391768669598e-09
-3.892841600156070965e-04 -6.492017752780927483e-05 -4.641601069731916720e-05 -3.669798686715146547e-05 -3.246531235173411950e-05 -3.168596808431734619e-05 -3.277222751469144389e-05 -3.622184852457051020e-05 -4.272139723350110407e-05 -5.228679875028969252e-05 -7.121630764228004931e-05 -9.770256600425756264e-05 -1.589448216202357699e-04 -2.645765919046205142e-04 -6.014983545029689788e-04 3.307435688853581877e-04 -5.135160142555725282e-02 1.145782962461503018e+00 -2.888611037823668326e+01 5.974377759239929446e+02 -2.780628165242015370e+01 1.093957709129789180e+00 -4.690768469775689203e-02 9.099557228409232371e-04 -3.049722390385180173e-04 -1.008869684313006427e-04 -5.125763882885865522e-05 -2.619737965520027299e-05 -1.573846377722378225e-05 -9.344212866271347977e-06 -6.114064328280470211e-06 -4.036662020095877894e-06 -2.785498698212590860e-06 -1.976335251276687235e-06 -1.422467959667714867e-06 -1.058828157075953548e-06 -7.906711849443076723e-07 -6.079288203834954102e-07 -4.688968832312066351e-07 -3.690208157182447078e-07 -2.925546167750110839e-07 -2.345401205527536833e-07 -1.901757723539946449e-07 -1.546371563977831035e-07 -1.269464809350339512e-07 -1.046206760090098334e-07 -8.718840254570629871e-08 -7.283928168830054279e-08 -6.134155382286458339e-08 -5.185918523124023028e-08 -4.405043049022382428e-08 -3.761754078458941239e-08 -3.219729811902077776e-08 -2.772038175628172984e-08 -2.389312386480720617e-08 -2.070308190889472421e-08 -1.796023707484168663e-08 -1.564038404883020176e-08 -1.364578678697041984e-08 -1.193148351781309431e-08 -1.044300137935013751e-08 -9.561854192920083088e-09
-3.300927322942873664e-04 -5.565178394750286059e-05 -3.961395740400355136e-05 -3.070503734558150695e-05 -2.716057582825668362e-05 -2.570627554297875446e-05 -2.633865117125526432e-05 -2.825222372953141523e-05 -3.211676478297026529e-05 -3.874977610943994386e-05 -4.828373035219890352e-05 -6.676872296021504492e-05 -9.272504933140016147e-05 -1.524314957164520632e-04 -2.559443345522440091e-04 -5.877933690540097659e-04 3.554887822279972692e-04 -5.121384850689762736e-02 1.144395360687578078e+00 -2.885748296895269505e+01 5.974399994248367420e+02 -2.783050433931332890e+01 1.095107926567299161e+00 -4.699394275412510646e-02 9.023816966411709163e-04 -3.086570805869611454e-04 -1.026329988508303240e-04 -5.223645060269782017e-05 -2.674641243912029919e-05 -1.609577166496181929e-05 -9.571607106168523261e-06 -6.271851708582428944e-06 -4.146597481783053056e-06 -2.864913242186829479e-06 -2.035149444436549774e-06 -1.466401568083102004e-06 -1.092696218502681843e-06 -8.167601107569345735e-07 -6.285827502847293883e-07 -4.852572948505036878e-07 -3.822181591595426620e-07 -3.032990579203236277e-07 -2.429796762588162757e-07 -1.964104736305331177e-07 -1.597133141105421370e-07 -1.314922893913576369e-07 -1.084958221474475485e-07 -9.050773483047151435e-08 -7.567656390309681357e-08 -6.378095681872267727e-08 -5.396110205232024115e-08 -4.586766101184336552e-08 -3.919587912066571982e-08 -3.356977983571005023e-08 -2.892042974799335321e-08 -2.494269882317213841e-08 -2.162561551422940847e-08 -1.877158241424791821e-08 -1.635638987745287752e-08 -1.427946028797047067e-08 -1.247288579360896460e-08 -1.141759994937002166e-08
-2.905746205107511120e-04 -4.776618499335015013e-05 -3.391525295508292882e-05 -2.624570557402873159e-05 -2.269087035485505235e-05 -2.146511932304631535e-05 -2.130470793236027350e-05 -2.262613612401030781e-05 -2.495999199624030163e-05 -2.900966716035018855e-05 -3.564790925519995386e-05 -4.507572020981975868e-05 -6.312436205621636137e-05 -8.857081831736006883e-05 -1.469068360693941155e-04 -2.485198175316690405e-04 -5.758661331583229829e-04 3.771976996755951991e-04 -5.109060798769829437e-02 1.143142652503057688e+00 -2.883162642774746587e+01 5.974419199456025353e+02 -2.785255768448125835e+01 1.096155645111543064e+00 -4.707290070961082928e-02 8.953409777950752709e-04 -3.120813161524593239e-04 -1.042620424923649587e-04 -5.315291832453832900e-05 -2.726214537428980967e-05 -1.643239534618860825e-05 -9.786442680223518274e-06 -6.421298480643818976e-06 -4.250974092136098794e-06 -2.940475196609949981e-06 -2.091227033796121717e-06 -1.508369302340633091e-06 -1.125107030836835856e-06 -8.417674036544168633e-07 -6.484085232888989134e-07 -5.010240328596183586e-07 -3.945536105703749553e-07 -3.124824535806038232e-07 -2.503885905995619763e-07 -2.028511254863647280e-07 -1.651197085949495217e-07 -1.360646670951912344e-07 -1.123553533921982238e-07 -9.379619183313305018e-08 -7.847967148212827795e-08 -6.618701727025403219e-08 -5.603229053915281092e-08 -4.765731244465110508e-08 -4.074977745829052056e-08 -3.492084330673126843e-08 -3.010173454743674040e-08 -2.597597576991466955e-08 -2.253396054477075109e-08 -1.957058897365536789e-08 -1.706269298664217469e-08 -1.488054701306053392e-08 -1.359338995881542501e-08
-2.485732309674021931e-04 -4.177532164552914584e-05 -2.935085919120730151e-05 -2.245560687332426246e-05 -1.939187613145071864e-05 -1.789778297575841186e-05 -1.774702566077983104e-05 -1.824749728528606631e-05 -1.992097053681588775e-05 -2.246911521433552677e-05 -2.658551510576285384e-05 -3.316440172655224110e-05 -4.245168972701581427e-05 -6.008671996813139831e-05 -8.505351592232070755e-05 -1.421634566755194224e-04 -2.420676207579891450e-04 -5.653931199919776975e-04 3.963934569887933622e-04 -5.097969461147072029e-02 1.142006080982422178e+00 -2.880815696984506147e+01 5.974435901379205234e+02 -2.787272066978711749e+01 1.097113982518118425e+00 -4.714544975153343864e-02 8.887801887627711861e-04 -3.152715081258536736e-04 -1.057853702071470333e-04 -5.401273939868434627e-05 -2.774747145660098988e-05 -1.675004366995313192e-05 -9.989707558758093573e-06 -6.563029956018313195e-06 -4.350189383502176616e-06 -3.012448039164961399e-06 -2.144746628666732384e-06 -1.548494798924643458e-06 -1.156145084998118950e-06 -8.657974111664327253e-07 -6.670441770598863750e-07 -5.148899161563623746e-07 -4.056224866593216252e-07 -3.218085632339775220e-07 -2.580991009317550150e-07 -2.092697365739331559e-07 -1.704686677431696605e-07 -1.405711799877303966e-07 -1.161521688123449834e-07 -9.702780359305252720e-08 -8.123290847807565975e-08 -6.854968943017576578e-08 -5.806604071696200354e-08 -4.941475332736136637e-08 -4.227595240820223582e-08 -3.624810738467847685e-08 -3.126253535403317058e-08 -2.699163255065925857e-08 -2.342707096377976415e-08 -2.035767279623707695e-08 -1.773000627473513896e-08 -1.616897794321768756e-08
-2.218169479026759535e-04 -3.627772428656826019e-05 -2.558408674192125723e-05 -1.947129447804979443e-05 -1.657701929202110632e-05 -1.527719921072666991e-05 -1.476579268834339636e-05 -1.516070069736367259e-05 -1.601940257506427457e-05 -1.787463080030366285e-05 -2.052662863537136118e-05 -2.464696433795584386e-05 -3.113480429443592651e-05 -4.026818698929557664e-05 -5.751791323977667984e-05 -8.203858244803011700e-05 -1.380478295412799344e-04 -2.364094853428076433e-04 -5.561245831874922930e-04 4.134860902735141056e-04 -5.087934200512030797e-02 1.140970212360251201e+00 -2.878675856854765058e+01 5.974450516930426147e+02 -2.789122639903974132e+01 1.097993909502165799e+00 -4.721234137367140427e-02 8.826526775753207668e-04 -3.182507466013685758e-04 -1.072128648118489126e-04 -5.482094767345104523e-05 -2.820496394627422821e-05 -1.705024737638150253e-05 -1.018229124215699343e-05 -6.697612977660978776e-06 -4.444605077376645345e-06 -3.081073306189036971e-06 -2.195869296680797248e-06 -1.586938075968509065e-06 -1.185439793793916090e-06 -8.874234815950700958e-07 -6.840613273074348915e-07 -5.287631801582111160e-07 -4.169125248457656697e-07 -3.310243074132571199e-07 -2.656799914809796664e-07 -2.155646258753792237e-07 -1.757088032257990805e-07 -1.449837784430785260e-07 -1.198694740068303133e-07 -1.001919269156640013e-07 -8.392922816778304224e-08 -7.086415424071590563e-08 -6.005896496087544304e-08 -5.113754752306564425e-08 -4.377261754097435172e-08 -3.755023780292352275e-08 -3.240182404028578500e-08 -2.798885097125754051e-08 -2.430576512250147223e-08 -2.109833869017040284e-08 -1.921269580663190769e-08
-1.927896540951281993e-04 -3.213580077342629052e-05 -2.240068590445400140e-05 -1.696894678252251678e-05 -1.437547413173489946e-05 -1.304384198983489508e-05 -1.258180589302447381e-05 -1.258552103677680598e-05 -1.327456539820814308e-05 -1.433382627327749371e-05 -1.627970662893223861e-05 -1.897404248943963489e-05 -2.306472473407261841e-05 -2.944743507989852513e-05 -3.842458317066867348e-05 -5.531850077249544619e-05 -7.942655654935729473e-05 -1.344439491834311133e-04 -2.314080318279663193e-04 -5.478647051996725402e-04 4.288014226705969575e-04 -5.078810667591459466e-02 1.140022231368104100e+00 -2.876716863187579776e+01 5.974463379701891199e+02 -2.790827115769888067e+01 1.098804671784436193e+00 -4.727421376971930461e-02 8.769175249701729709e-04 -3.210391960850109811e-04 -1.085532256177674994e-04 -5.558200616374931791e-05 -2.863691813079061093e-05 -1.733438086000199733e-05 -1.036499643976885284e-05 -6.825562477129394944e-06 -4.534547687126497843e-06 -3.146623067764214728e-06 -2.244246929716110796e-06 -1.622163216554746316e-06 -1.212550977716054323e-06 -9.087853820732904825e-07 -7.011228055812157757e-07 -5.423674384386903568e-07 -4.279480614831583113e-07 -3.400199997234571861e-07 -2.730767078353857942e-07 -2.217065645832469239e-07 -1.808229230751827925e-07 -1.492917616811024662e-07 -1.235002960678696556e-07 -1.032838728699713266e-07 -8.656538074731113297e-08 -7.312810982644879240e-08 -6.200939671858818632e-08 -5.282446641905180933e-08 -4.523885191489809499e-08 -3.882653717519856981e-08 -3.351901275367316880e-08 -2.896889746040596264e-08 -2.512938275875268755e-08 -2.280561267909664944e-08
-1.727088104741909477e-04 -2.827808238105528486e-05 -1.979654851394359408e-05 -1.488252781338826742e-05 -1.252496986122824508e-05 -1.130201967445990624e-05 -1.072665631234980942e-05 -1.070282804476959627e-05 -1.099449413164174385e-05 -1.184759114580190413e-05 -1.302013253323354586e-05 -1.500589070280825676e-05 -1.770755419815208282e-05 -2.175090407796173206e-05 -2.802399407116867887e-05 -3.684836056905623777e-05 -5.341505474570953498e-05 -7.714241465625280294e-05 -1.312625759629606928e-04 -2.269557208154458089e-04 -5.404578184806766187e-04 4.426015522978876942e-04 -5.070479730730714785e-02 1.139151408563856105e+00 -2.874916716563073393e+01 5.974474759178382328e+02 -2.792402140698321489e+01 1.099554116339541920e+00 -4.733161244923745486e-02 8.715387138380734392e-04 -3.236545427547390897e-04 -1.098141383066419529e-04 -5.629988431608250329e-05 -2.904538727291979496e-05 -1.760368129953540417e-05 -1.053854559072048154e-05 -6.947402646949979038e-06 -4.619767477094044249e-06 -3.207489160879409783e-06 -2.289455828923435870e-06 -1.656580806917785808e-06 -1.239344132213154927e-06 -9.295893372774558377e-07 -7.177102085148774466e-07 -5.555881363997271054e-07 -4.386738574372090907e-07 -3.487670682658946245e-07 -2.802730421687363527e-07 -2.276858156303046209e-07 -1.858048925545218124e-07 -1.534911468520549341e-07 -1.270419561279503679e-07 -1.063018061024453186e-07 -8.914007249281679111e-08 -7.534062947814499368e-08 -6.391665773781751402e-08 -5.447500449438341009e-08 -4.667427834776294973e-08 -4.007665601376054488e-08 -3.461587457977579812e-08 -2.988382662342082406e-08 -2.709800455477841343e-08
-1.529897654106912575e-04 -2.524101395460701244e-05 -1.752060402535345510e-05 -1.315907689031741348e-05 -1.098631818097595268e-05 -9.841149316185475077e-06 -9.282132086638676566e-06 -9.109453933654798244e-06 -9.330803135315572002e-06 -9.790189750794418827e-06 -1.073575119789779021e-05 -1.197112229500764164e-05 -1.396765858190416755e-05 -1.665660386560748594e-05 -2.064386698636342047e-05 -2.680807608653333927e-05 -3.548603694317845487e-05 -5.175222908658316741e-05 -7.512854725752430717e-05 -1.284339693449303957e-04 -2.229671975747115232e-04 -5.337786390336967789e-04 4.550996563531621835e-04 -5.062842188961568651e-02 1.138348692594711498e+00 -2.873256847130965852e+01 5.974484874973378510e+02 -2.793861924178258604e+01 1.100248946291153551e+00 -4.738500650266749825e-02 8.664844337627060312e-04 -3.261123618441809585e-04 -1.110024171431431668e-04 -5.697812367895678103e-05 -2.943220928033061286e-05 -1.785932625930224159e-05 -1.070298926529963216e-05 -7.061563753834414260e-06 -4.699925810545090180e-06 -3.266419395935573220e-06 -2.333608098727326366e-06 -1.689894904901449575e-06 -1.265265575059173446e-06 -9.497229861155750408e-07 -7.337727887582800284e-07 -5.684009980476610101e-07 -4.490773537105494979e-07 -3.572586404925621533e-07 -2.872651020298550241e-07 -2.335001306537165383e-07 -1.906533697845066114e-07 -1.575811409917788259e-07 -1.304939659181332196e-07 -1.092454345187556762e-07 -9.165312027243035193e-08 -7.750160124663339892e-08 -6.578067684392804326e-08 -5.608912214549538473e-08 -4.807880254481300748e-08 -4.130294867353074767e-08 -3.563576183673664191e-08 -3.215677227359458819e-08
-1.370185169022637304e-04 -2.251008545535739298e-05 -1.564426270642398521e-05 -1.165921406986523929e-05 -9.716845920140961955e-06 -8.626918804918245088e-06 -8.074583354063445437e-06 -7.870832512052704379e-06 -7.927351301276665483e-06 -8.292102311904944804e-06 -8.851583400923760593e-06 -9.848298453971929235e-06 -1.111641733536644157e-05 -1.310681031241131470e-05 -1.577170398949077182e-05 -1.969923532425834253e-05 -2.575808193539956930e-05 -3.429736077867303657e-05 -5.028755161687419571e-05 -7.334001462753377541e-05 -1.259028597362718408e-04 -2.193738675830899255e-04 -5.277252145940553550e-04 4.664708613501601132e-04 -5.055814763989300437e-02 1.137606394499204976e+00 -2.871721471300765316e+01 5.974493907508355051e+02 -2.795218669216815854e+01 1.100894922022838562e+00 -4.743480155112068941e-02 8.617264965672088431e-04 -3.284264223208420235e-04 -1.121241197814557629e-04 -5.761996086529589696e-05 -2.979837147796991434e-05 -1.810012674826416986e-05 -1.085825538799137576e-05 -7.171266739540002140e-06 -4.777463428327354835e-06 -3.323153388071349089e-06 -2.376135396504785548e-06 -1.722011035091681041e-06 -1.290279813152046537e-06 -9.691736475197421529e-07 -7.493068067441270057e-07 -5.808055917760691274e-07 -4.591594976886684036e-07 -3.654960500937509850e-07 -2.940542457270856266e-07 -2.391507577023707450e-07 -1.953694169022083898e-07 -1.615626470466140947e-07 -1.338570603314062047e-07 -1.121153642155187772e-07 -9.410501226231427023e-08 -7.961142162038800301e-08 -6.760178139848480884e-08 -5.766700146224833211e-08 -4.945544817048374306e-08 -4.243850020067441346e-08 -3.826458925589715367e-08
-1.235259278408324117e-04 -2.019598946063300778e-05 -1.398572521760458425e-05 -1.042308720970592983e-05 -8.610062127509023066e-06 -7.628613537470536525e-06 -7.071514364725202490e-06 -6.838398566549378498e-06 -6.838677698126624276e-06 -7.031737093749887303e-06 -7.482609115674980516e-06 -8.102379680092136545e-06 -9.125550211442220070e-06 -1.040809674799545481e-05 -1.238252143134299662e-05 -1.501720041543465358e-05 -1.888431303812941885e-05 -2.484270151957027200e-05 -3.325149474149256948e-05 -4.898791017722925012e-05 -7.174126141090590508e-05 -1.236248960937034926e-04 -2.161199863061801700e-04 -5.222137470950665794e-04 4.768603468035709529e-04 -5.049327023463450609e-02 1.136917940688357165e+00 -2.870297088014108411e+01 5.974502006116123312e+02 -2.796482914463793890e+01 1.101497021295560819e+00 -4.748135014574696861e-02 8.572398489168873981e-04 -3.306090146513475641e-04 -1.131839194981747073e-04 -5.822582138648886021e-05 -3.014463760365595704e-05 -1.833012389124658866e-05 -1.100729874108228505e-05 -7.276384850819197124e-06 -4.851850450528288219e-06 -3.377650826682639944e-06 -2.417040582390642638e-06 -1.752943356212390041e-06 -1.314402239022164986e-06 -9.879542808017510591e-07 -7.643229607421876275e-07 -5.928102308581053748e-07 -4.689268175719931953e-07 -3.734843456625967824e-07 -3.006443866958607001e-07 -2.446407499465304296e-07 -1.999554008056588963e-07 -1.654375286911245530e-07 -1.371326935085266450e-07 -1.149127483589581275e-07 -9.649665778367381768e-08 -8.167082504863991841e-08 -6.938046069477700575e-08 -5.921245068528245595e-08 -5.072492058981919710e-08 -4.548573540493931993e-08
-1.106918004847876822e-04 -1.822472102338526436e-05 -1.258704622338920105e-05 -9.323696027163209138e-06 -7.702073561187460713e-06 -6.756958181060664164e-06 -6.249322955146813657e-06 -5.982162536620106602e-06 -5.933178674041018141e-06 -6.056462579060614785e-06 -6.333439354246825009e-06 -6.836542441604288345e-06 -7.492352687411242588e-06 -8.526843100208111233e-06 -9.812505050432622893e-06 -1.176539591861635438e-05 -1.436680635263348619e-05 -1.817452373906338860e-05 -2.403794565553180369e-05 -3.232443404889255578e-05 -4.782712581556652361e-05 -7.030379974154835640e-05 -1.215640885333169930e-04 -2.131597907732065561e-04 -5.171747322103817553e-04 4.863894662611289847e-04 -5.043318992210753249e-02 1.136277677787963514e+00 -2.868972080496542176e+01 5.974509295254988501e+02 -2.797663808634642280e+01 1.102059567806588092e+00 -4.752496026601694262e-02 8.530029574381126816e-04 -3.326683558699495506e-04 -1.141858638906796057e-04 -5.880171312836446047e-05 -3.047501114206531344e-05 -1.854960966196501747e-05 -1.114977196752656567e-05 -7.377022956246476106e-06 -4.923181052548724058e-06 -3.429986747104790763e-06 -2.456379768879621463e-06 -1.782732447514425514e-06 -1.337662932284978223e-06 -1.006086680371816288e-06 -7.788375518215455288e-07 -6.044269564097420659e-07 -4.783884041153316008e-07 -3.812303918295986488e-07 -3.070407556349510522e-07 -2.499741348401305505e-07 -2.044144222131921201e-07 -1.692082094024965893e-07 -1.403227540566394914e-07 -1.176390802279349493e-07 -9.882924735057734197e-08 -8.368064690998747298e-08 -7.112143749125808154e-08 -6.063152114030507127e-08 -5.426392107589489324e-08
-1.010683255260351389e-04 -1.643158276561875714e-05 -1.135609206364423897e-05 -8.404965851798685894e-06 -6.890482565508433747e-06 -6.044617241524094730e-06 -5.531672076265103360e-06 -5.281688230541213872e-06 -5.184030268769049104e-06 -5.246560181341647522e-06 -5.446471322160615463e-06 -5.776051654212899846e-06 -6.310557567276364938e-06 -6.987222526097920787e-06 -8.023625638201685925e-06 -9.305376737311590901e-06 -1.123378304075238232e-05 -1.380074923728520833e-05 -1.755106003156630838e-05 -2.332514413310375178e-05 -3.149722612834596772e-05 -4.678424108880058679e-05 -6.900454201878242840e-05 -1.196909344642642836e-04 -2.104553663047832352e-04 -5.125500424208304833e-04 4.951604294729395478e-04 -5.037739278047791147e-02 1.135680717068364487e+00 -2.867736398585626389e+01 5.974515879320088061e+02 -2.798769332373572993e+01 1.102586336088873020e+00 -4.756589909706106928e-02 8.489967057188980070e-04 -3.346179615761721467e-04 -1.151372184915940586e-04 -5.934934444599902331e-05 -3.078978236935266583e-05 -1.875909376190860824e-05 -1.128599609074721946e-05 -7.473400671101039904e-06 -4.991600805745442408e-06 -3.480260710583851703e-06 -2.494222347966312597e-06 -1.811426754497856313e-06 -1.360096902451070344e-06 -1.023595928578253597e-06 -7.928691418246859278e-07 -6.156694299460249996e-07 -4.875545332995997098e-07 -3.887419420469806055e-07 -3.132492608975158378e-07 -2.551554640399253477e-07 -2.087499928300567764e-07 -1.728774393223346007e-07 -1.434293926204430834e-07 -1.202960790184677032e-07 -1.011040083237706736e-07 -8.564669963288350258e-08 -7.271298097812822749e-08 -6.475475024111273886e-08
-9.094282316746185840e-05 -1.496251265930925911e-05 -1.028725369391732758e-05 -7.585717837609028835e-06 -6.216229714942165639e-06 -5.406747606911761030e-06 -4.946431634491913498e-06 -4.671431191447950867e-06 -4.571836533669578981e-06 -4.578366136398270710e-06 -4.710869224086288339e-06 -4.959489657761786468e-06 -5.322327170719772115e-06 -5.875072047213708755e-06 -6.562875170587930456e-06 -7.595328810425541779e-06 -8.868816518657236261e-06 -1.077141182734477600e-05 -1.330389394388548693e-05 -1.699929966995501312e-05 -2.268956338788504594e-05 -3.075471425439243789e-05 -4.584228820907329858e-05 -6.782458410169873704e-05 -1.179810257338648622e-04 -2.079750367208322399e-04 -5.082906941486565241e-04 5.032599239406475560e-04 -5.032543587332755780e-02 1.135122809407325573e+00 -2.866581303246302781e+01 5.974521846413251751e+02 -2.799806478586090464e+01 1.103080635454662506e+00 -4.760440877602434284e-02 8.451999659130937951e-04 -3.364658662739303404e-04 -1.160408658485088105e-04 -5.987052933538416740e-05 -3.108991518788143814e-05 -1.895917643959099127e-05 -1.141632965048213714e-05 -7.565753007284595391e-06 -5.057263056017451927e-06 -3.528576622113422460e-06 -2.530640393917497040e-06 -1.839076565007661527e-06 -1.381740457542413800e-06 -1.040508100782212462e-06 -8.064370500038859287e-07 -6.265519177468423179e-07 -4.964359633125114665e-07 -3.960271414623577899e-07 -3.192761311357954536e-07 -2.601895518893052002e-07 -2.129658438059529765e-07 -1.764481510336394747e-07 -1.464549298603230041e-07 -1.228854306202795303e-07 -1.033280382094236182e-07 -8.743598458041460769e-08 -7.752805278073014082e-08
-8.360814896103801997e-05 -1.356973364462039947e-05 -9.354947948371082457e-06 -6.883402318004543663e-06 -5.611751155015286564e-06 -4.878278662977571149e-06 -4.422834866810366038e-06 -4.174177505369064770e-06 -4.039933169117449165e-06 -4.032740631037815843e-06 -4.105626610937845774e-06 -4.283149101053251946e-06 -4.563017064285745125e-06 -4.946786796989839921e-06 -5.509290094676327630e-06 -6.201905994624405801e-06 -7.226793182538011648e-06 -8.489366043283872235e-06 -1.036583612278573856e-05 -1.286447546044365612e-05 -1.650771031649264631e-05 -2.211943005225672774e-05 -3.008463796472100714e-05 -4.498738881234985791e-05 -6.674830210293300709e-05 -1.164139975453419280e-04 -2.056921351378862822e-04 -5.043551208826311128e-04 5.107619531346630848e-04 -5.027693549549919205e-02 1.134600245071472724e+00 -2.865499159128961537e+01 5.974527271295863784e+02 -2.800781401691755335e+01 1.103545375044281851e+00 -4.764069900347098208e-02 8.415977617827753417e-04 -3.382195849919096315e-04 -1.169001752937402528e-04 -6.036706069199988757e-05 -3.137635779179745682e-05 -1.915044252791841438e-05 -1.154112242182632833e-05 -7.654309177052288476e-06 -5.120317826476709291e-06 -3.575036436132063135e-06 -2.565704864989891533e-06 -1.865731601235791899e-06 -1.402629621293507619e-06 -1.056849189791185537e-06 -8.195606048621373267e-07 -6.370887584278851424e-07 -5.050435491647347108e-07 -4.030942439991680891e-07 -3.251277041269538107e-07 -2.650813188275294894e-07 -2.170658057245583626e-07 -1.799233879537728001e-07 -1.494015752943427814e-07 -1.254157817575196064e-07 -1.053424755392403322e-07 -9.308064698687252602e-08
-7.583307018264249773e-05 -1.243243197974181010e-05 -8.524345584817529133e-06 -6.262304329872033217e-06 -5.095837518516452424e-06 -4.404198335894939125e-06 -3.989317039993811630e-06 -3.730355261103697712e-06 -3.606659444137647061e-06 -3.560010625073041885e-06 -3.611796735026802237e-06 -3.728010915610803531e-06 -3.934957957697885135e-06 -4.234834133115864506e-06 -4.631477409088397354e-06 -5.198209155421147233e-06 -5.891472859065202222e-06 -6.906622635401717363e-06 -8.156729293052268325e-06 -1.000738229392286795e-05 -1.247322100786001705e-05 -1.606708056991735617e-05 -2.160522978485575219e-05 -2.947697634924990233e-05 -4.420808444268163492e-05 -6.576267356142493595e-05 -1.149727273825645906e-04 -2.035840460552352084e-04 -5.007079423874852969e-04 5.177312423734723194e-04 -5.023155352568209331e-02 1.134109770055240718e+00 -2.864483266768763770e+01 5.974532217692910763e+02 -2.801699538542938228e+01 1.103983130520130418e+00 -4.767495624723730452e-02 8.381757451668492634e-04 -3.398860510914833303e-04 -1.177182733764093464e-04 -6.084060731580423432e-05 -3.164999791277793226e-05 -1.933344149407648560e-05 -1.166070492943679414e-05 -7.739286673937717989e-06 -5.180908204873552204e-06 -3.619737847083065568e-06 -2.599484066632149860e-06 -1.891439961046920138e-06 -1.422799388045985060e-06 -1.072644568039066220e-06 -8.322587506753840840e-07 -6.472940699193734897e-07 -5.133880227738497156e-07 -4.099514443953010504e-07 -3.308103007880275852e-07 -2.698356927888259311e-07 -2.210537562868411202e-07 -1.833059924477116368e-07 -1.522798303327508878e-07 -1.276967940200001443e-07 -1.119814299854531092e-07
-6.986838644766460210e-05 -1.135325096852542916e-05 -7.802849681196078149e-06 -5.714554606839233647e-06 -4.638178295797276168e-06 -3.999809878065667773e-06 -3.601157131818011438e-06 -3.362827680595455531e-06 -3.221001889817439866e-06 -3.175093092919750121e-06 -3.185015875367905465e-06 -3.275517601383193071e-06 -3.420504417717229746e-06 -3.646799031461030236e-06 -3.959290039068792960e-06 -4.363427307744896519e-06 -4.930761597376123926e-06 -5.621917479609543437e-06 -6.626096166883672029e-06 -7.862907970733538617e-06 -9.688425367209394667e-06 -1.212273103828558069e-05 -1.566996812573307927e-05 -2.113919356037220355e-05 -2.892346233877040156e-05 -4.349483405520126122e-05 -6.485675138774923834e-05 -1.136428482024035713e-04 -2.016301745498527947e-04 -4.973144046323488970e-04 5.242238705334508657e-04 -5.018900311766786443e-02 1.133648512810175646e+00 -2.863527722232337780e+01 5.974536740277036415e+02 -2.802565710494985041e+01 1.104396185949375164e+00 -4.770734678196753009e-02 8.349208619436185395e-04 -3.414715711975574984e-04 -1.184980211167987557e-04 -6.129270411068124069e-05 -3.191165684037937578e-05 -1.950868397850803447e-05 -1.177538604971648278e-05 -7.820889659911923951e-06 -5.239169181859323894e-06 -3.662773445978038475e-06 -2.632043028212890483e-06 -1.916247647924094428e-06 -1.442283367542071711e-06 -1.087918714230007466e-06 -8.445498368534760782e-07 -6.571815858601678258e-07 -5.214798643256609985e-07 -4.166067804553575957e-07 -3.363301465148397493e-07 -2.744575761798156504e-07 -2.249332682754599180e-07 -1.866087181753644700e-07 -1.548611011156505122e-07 -1.355365595838552773e-07
-6.401162612193448558e-05 -1.044241870804393884e-05 -7.150014076812317270e-06 -5.234698616423185388e-06 -4.234948407452601724e-06 -3.641566176864329481e-06 -3.269791253339685568e-06 -3.034623714399099450e-06 -2.901634317070419950e-06 -2.833310286565007275e-06 -2.837782088485091952e-06 -2.885269201196338969e-06 -3.001679271420624569e-06 -3.165964134012415355e-06 -3.404914280176000663e-06 -3.725076745042127130e-06 -4.133060315706513156e-06 -4.698618149057203396e-06 -5.385851540738053203e-06 -6.378435385057226949e-06 -7.601603476936062566e-06 -9.402878757991359022e-06 -1.180703276684932867e-05 -1.531029826480260377e-05 -2.071491818225152873e-05 -2.841720811518214375e-05 -4.283977618435769375e-05 -6.401984624868970581e-05 -1.124073251177800926e-04 -1.998126373880748869e-04 -4.941543276412444429e-04 5.302827810267051996e-04 -5.014902627186370448e-02 1.133213939310754981e+00 -2.862627302920419581e+01 5.974540886120951200e+02 -2.803384208103473441e+01 1.104786574609461169e+00 -4.773801925129679546e-02 8.318212576468419616e-04 -3.429818732291301333e-04 -1.192420304425778556e-04 -6.172475890107023482e-05 -3.216209168153555409e-05 -1.967664272869135738e-05 -1.188545314454826604e-05 -7.899308875298371611e-06 -5.295227447502288704e-06 -3.704230499270850042e-06 -2.663443295092755422e-06 -1.940198385018353550e-06 -1.461113627596304697e-06 -1.102695080211300403e-06 -8.564515089921872236e-07 -6.667645646954450808e-07 -5.293292322321412467e-07 -4.230680740720922884e-07 -3.416933587420057218e-07 -2.789514421996214023e-07 -2.287198455780914032e-07 -1.895553922047196824e-07 -1.641646686278686527e-07
-5.897591533573497981e-05 -9.605025165978030893e-06 -6.579797325979379749e-06 -4.801733123647164615e-06 -3.881911748453575024e-06 -3.325401027625380921e-06 -2.977021234945480399e-06 -2.754260840109291256e-06 -2.617100548830415198e-06 -2.550437773518735981e-06 -2.530043101182664232e-06 -2.568118829553277723e-06 -2.641077568460794766e-06 -2.775020878054258639e-06 -2.952291473611627216e-06 -3.199354185376119427e-06 -3.523838115281468544e-06 -3.933171389780241187e-06 -4.495401144776825034e-06 -5.177537578328573108e-06 -6.158297856788639164e-06 -7.367792699315718704e-06 -9.145829230368954110e-06 -1.152125568701559557e-05 -1.498305584763630660e-05 -2.032724096203918131e-05 -2.795086433340614258e-05 -4.223099807352363608e-05 -6.324263597851815524e-05 -1.112623609954095291e-04 -1.981222752154031589e-04 -4.912037052222846013e-04 5.359511874008095027e-04 -5.011139578667016953e-02 1.132803799358357066e+00 -2.861777372021037635e+01 5.974544695937785264e+02 -2.804158862208434755e+01 1.105156112538646207e+00 -4.776710692472210806e-02 8.288661558997033460e-04 -3.444221645383284815e-04 -1.199526866274475595e-04 -6.213806272618337188e-05 -3.240199980688159644e-05 -1.983775489237124892e-05 -1.199117309361595408e-05 -7.974722146010482601e-06 -5.349201598113934867e-06 -3.744191013587946308e-06 -2.693742923501375843e-06 -1.963333575247731134e-06 -1.479320642942397727e-06 -1.116996037181914070e-06 -8.679806571838274529e-07 -6.760557477971848045e-07 -5.369459241419978059e-07 -4.293429404805675069e-07 -3.469054768161282897e-07 -2.833361509059851218e-07 -2.320794037572074615e-07 -2.006384319528209581e-07
-5.456143449582137654e-05 -8.859707387118598873e-06 -6.061797189975216135e-06 -4.423520635135431755e-06 -3.562466374988243906e-06 -3.049400853144838398e-06 -2.718227824874737916e-06 -2.507132979638441751e-06 -2.374098290769682958e-06 -2.298830417937077237e-06 -2.275638731222043615e-06 -2.287442801363995942e-06 -2.348412147385839974e-06 -2.438914965958982358e-06 -2.584760886733171394e-06 -2.770726260992314736e-06 -3.022767616926227076e-06 -3.349278909308072975e-06 -3.758248361546472898e-06 -4.316151442749636125e-06 -4.992457690607559472e-06 -5.961421009378245615e-06 -7.157424841570878265e-06 -8.913258781954757056e-06 -1.126156759897882903e-05 -1.468233828109127063e-05 -1.996603700217890024e-05 -2.751798795056437585e-05 -4.167024213650587260e-05 -6.252401571905583100e-05 -1.101975661777540285e-04 -1.965448189686248707e-04 -4.884420718959517132e-04 5.412657350878644687e-04 -5.007591066252325973e-02 1.132416088748164684e+00 -2.860973798602354989e+01 5.974548205085882273e+02 -2.804893103900359819e+01 1.105506426807154607e+00 -4.779472963008237624e-02 8.260457438822679278e-04 -3.457971869480743268e-04 -1.206321705109903570e-04 -6.253380045420967558e-05 -3.263202376075888570e-05 -1.999242468778785381e-05 -1.209279363747749214e-05 -8.047295125576462685e-06 -5.401202522220255348e-06 -3.782731935811074833e-06 -2.722996577724954524e-06 -1.985692339054300056e-06 -1.496933304479399597e-06 -1.130842866205306281e-06 -8.791534059045687696e-07 -6.850673427645735743e-07 -5.443394125750309218e-07 -4.354382353751740170e-07 -3.519895549502803748e-07 -2.872040803044483188e-07 -2.453749106335856238e-07
-5.028811807450039639e-05 -8.202915261006063952e-06 -5.603014694990093123e-06 -4.078033600430266140e-06 -3.284458628009741637e-06 -2.798915157053193914e-06 -2.492894902862787149e-06 -2.288604757264253306e-06 -2.160208653771640691e-06 -2.084186617168073717e-06 -2.049588188666544801e-06 -2.055756649176860109e-06 -2.089708645515527119e-06 -2.166497539081016581e-06 -2.269211943200131898e-06 -2.423093501818470753e-06 -2.614785795122335456e-06 -2.869621030905241336e-06 -3.196574672583855201e-06 -3.604008848612225296e-06 -4.156960726408475089e-06 -4.827010674655089437e-06 -5.784353308657214214e-06 -6.967395111293716443e-06 -8.699944090142274405e-06 -1.101839564199534334e-05 -1.440294906742587885e-05 -1.963582383404370262e-05 -2.712065139618140787e-05 -4.115118718769274100e-05 -6.185610579811566892e-05 -1.092044627552863809e-04 -1.950691538588859711e-04 -4.858517487933111906e-04 5.462585366314776309e-04 -5.004239229293999669e-02 1.132049016607626246e+00 -2.860212890448426037e+01 5.974551444391929635e+02 -2.805590015339037180e+01 1.105838979477973938e+00 -4.782099540521709408e-02 8.233510696796056709e-04 -3.471112662790949558e-04 -1.212824789874727272e-04 -6.291306079908580331e-05 -3.285275605704167666e-05 -2.014102608609034191e-05 -1.219054479313162613e-05 -8.117182113944701555e-06 -5.451333859075822909e-06 -3.819925415044695412e-06 -2.751255678129982896e-06 -2.007311595035080354e-06 -1.513978960172066214e-06 -1.144255783020407359e-06 -8.899851220947499301e-07 -6.938110875893086835e-07 -5.515181844906333872e-07 -4.413821669897182624e-07 -3.564475808011567975e-07 -3.032159837032563817e-07
-4.686787127672623272e-05 -7.588350041045748661e-06 -5.187936408383330537e-06 -3.774258547656338824e-06 -3.029158916690151209e-06 -2.581625613401366599e-06 -2.288127058305297207e-06 -2.098590532891367576e-06 -1.971244543262034066e-06 -1.895378447723410977e-06 -1.857065682661756983e-06 -1.850044644969923266e-06 -1.876489272270247552e-06 -1.925959264040220829e-06 -2.013769408395210415e-06 -2.125027600919827534e-06 -2.284246983924886655e-06 -2.479580079844660191e-06 -2.735677326195178027e-06 -3.061972912259721971e-06 -3.467081083925846298e-06 -4.014697290003567689e-06 -4.678510244363453865e-06 -5.622162886084525821e-06 -6.788097320298730609e-06 -8.501277059994708199e-06 -1.079810816279373993e-05 -1.414879614495632090e-05 -1.933185485742405050e-05 -2.675303068014943337e-05 -4.066897238527675430e-05 -6.123353328967779991e-05 -1.082759478770976022e-04 -1.936856806118777020e-04 -4.834172460940113630e-04 5.509579117075355612e-04 -5.001068139891488157e-02 1.131700977763467675e+00 -2.859491337320701732e+01 5.974554440830590920e+02 -2.806252373012542023e+01 1.106155088009731280e+00 -4.784600191306655897e-02 8.207739514829735837e-04 -3.483683562469897486e-04 -1.219054434537987665e-04 -6.327684548005793554e-05 -3.306474365912700884e-05 -2.028390536378636417e-05 -1.228464023921419350e-05 -8.184526880694189497e-06 -5.499692477576725008e-06 -3.855839088775133313e-06 -2.778568574872390672e-06 -2.028226160661564857e-06 -1.530483484677020110e-06 -1.157253976387672196e-06 -9.004905177036836404e-07 -7.022974571289300833e-07 -5.585170360082794254e-07 -4.465602599769812311e-07 -3.759004707715692288e-07
-4.330265750452787395e-05 -7.062389430189501086e-06 -4.813806171351650828e-06 -3.496323425384424679e-06 -2.805772033355917712e-06 -2.381538779886958845e-06 -2.110763719458782664e-06 -1.926007012211015693e-06 -1.806984320507047368e-06 -1.728862959444458382e-06 -1.687760203671124866e-06 -1.675155793910268733e-06 -1.687309558758299758e-06 -1.727987842626478443e-06 -1.788481524975644108e-06 -1.883991044467026438e-06 -2.001217580852961998e-06 -2.163871266825318728e-06 -2.361359349390834327e-06 -2.617643884754213899e-06 -2.942500325932892024e-06 -3.345017797597655675e-06 -3.884487946473173712e-06 -4.536973899679812771e-06 -5.470500801207515677e-06 -6.627411933832243165e-06 -8.322517320794652092e-06 -1.059663112167061888e-05 -1.391486009468148188e-05 -1.905071274748587436e-05 -2.641170655259523795e-05 -4.021969958176462484e-05 -6.065176937596017756e-05 -1.074058821401613253e-04 -1.923860005854911392e-04 -4.811249044693172963e-04 5.553889456613685235e-04 -4.998063547214549873e-02 1.131370529286118032e+00 -2.858806162803593054e+01 5.974557218088181116e+02 -2.806882684715904119e+01 1.106455942704221540e+00 -4.786983765813176972e-02 8.183068975596048547e-04 -3.495720771853100977e-04 -1.225027462697557629e-04 -6.362607748750704229e-05 -3.326849208383542459e-05 -2.042138347199564288e-05 -1.237527862678232565e-05 -8.249463458245905276e-06 -5.546368948736465894e-06 -3.890536375305939600e-06 -2.804980727841339514e-06 -2.048468874752479418e-06 -1.546471354824436641e-06 -1.169855753826041480e-06 -9.106826811926956382e-07 -7.105694659882175711e-07 -5.645749458763821331e-07 -4.703169170873500927e-07
-4.052627132620833177e-05 -6.556620650727637922e-06 -4.477278004968359974e-06 -3.248419048074506879e-06 -2.600307820044228569e-06 -2.206819419622071181e-06 -1.947422175306298395e-06 -1.776522289391880555e-06 -1.658048239851823784e-06 -1.584086155899348317e-06 -1.538739028627206187e-06 -1.521399830603083829e-06 -1.526734359268514894e-06 -1.552488240738517725e-06 -1.603276874995018428e-06 -1.671671171656881196e-06 -1.772543823748328211e-06 -1.893898155465806674e-06 -2.058633597246361098e-06 -2.257188442199305970e-06 -2.513194518240774778e-06 -2.833179413951597898e-06 -3.227215600270833321e-06 -3.762048763082238965e-06 -4.411691778535885636e-06 -5.335793066359758459e-06 -6.481529503631094273e-06 -8.158936083768876006e-06 -1.041121318873040110e-05 -1.369859784600381889e-05 -1.878979824498486475e-05 -2.609388358733079688e-05 -3.980006130928178038e-05 -6.010690207816429955e-05 -1.065888998409242160e-04 -1.911627172019037522e-04 -4.789626232206577378e-04 5.595739432227880188e-04 -4.995212661893709549e-02 1.131056370498954466e+00 -2.858154683256705653e+01 5.974559797032241022e+02 -2.807483221288063646e+01 1.106742621686847894e+00 -4.789258303583569798e-02 8.159430357309749998e-04 -3.507257501743603757e-04 -1.230759353955289338e-04 -6.396160849986649497e-05 -3.346446912540093041e-05 -2.055375820921130842e-05 -1.246264479859475011e-05 -8.312116889525146204e-06 -5.591448001891094230e-06 -3.924076757588626606e-06 -2.830534902313915515e-06 -2.068070720376011299e-06 -1.561965855569476293e-06 -1.182077352904948915e-06 -9.206153217996589388e-07 -7.176761158737085498e-07 -5.938613346943849778e-07
-3.762327284140560543e-05 -6.124423662641976264e-06 -4.169347277598297822e-06 -3.022806476646178012e-06 -2.417690992505275579e-06 -2.045933008966833115e-06 -1.804765854341809428e-06 -1.639075398075530794e-06 -1.528959036822662272e-06 -1.453090686774779552e-06 -1.409151839042060999e-06 -1.386305949973786822e-06 -1.385636880708837692e-06 -1.403718934608625224e-06 -1.439264098482191850e-06 -1.497292184947673237e-06 -1.571370300681185323e-06 -1.675943951076133435e-06 -1.800069850607252144e-06 -1.966240219520104709e-06 -2.161854051368759053e-06 -2.410897855583652311e-06 -2.729659097671089863e-06 -3.124389199981931831e-06 -3.654919599168920805e-06 -4.298897441465314131e-06 -5.213333456394654614e-06 -6.348020885528052505e-06 -8.008438483857933626e-06 -1.023987698180428767e-05 -1.349800173057967241e-05 -1.854695581475584271e-05 -2.579718455046732265e-05 -3.940719971946527410e-05 -5.959551716612212303e-05 -1.058202809413318302e-04 -1.900092849762826600e-04 -4.769196405397897937e-04 5.635328051758323100e-04 -4.992503973041001464e-02 1.130757325871301955e+00 -2.857534472678618798e+01 5.974562196104509439e+02 -2.808056043954183778e+01 1.107016103817693109e+00 -4.791431124086859006e-02 8.136760511632634522e-04 -3.518324271427619720e-04 -1.236264373985328105e-04 -6.428422552292746409e-05 -3.365310821978177328e-05 -2.068130620097375345e-05 -1.254691091210195977e-05 -8.372603927700106243e-06 -5.635008952418572040e-06 -3.956516074207463582e-06 -2.855271356055670254e-06 -2.087061104986991414e-06 -1.576987600735269296e-06 -1.193986207298553668e-06 -9.290891130071272812e-07 -7.540941065934396638e-07
-3.526161268874344244e-05 -5.710138151361190711e-06 -3.892973828488235052e-06 -2.818090640490925999e-06 -2.250994295081010527e-06 -1.902921185188189445e-06 -1.673585393796603368e-06 -1.518895403472693012e-06 -1.410523464836136159e-06 -1.339483643627010323e-06 -1.292120514492106837e-06 -1.268855545177700134e-06 -1.261837986250703199e-06 -1.273101485370549517e-06 -1.300374259892467988e-06 -1.343042422370148354e-06 -1.406279703637951280e-06 -1.484415549439866222e-06 -1.591852834624302842e-06 -1.714163017018946251e-06 -1.874231240068963748e-06 -2.070835461554714180e-06 -2.322980046610622949e-06 -2.640613162962877687e-06 -3.032672460379242314e-06 -3.558246992923122211e-06 -4.196304924608341210e-06 -5.101266238250098657e-06 -6.225235175730024171e-06 -7.869431428879831403e-06 -1.008102440907294864e-05 -1.331139495966699204e-05 -1.832034840132610036e-05 -2.551955663261951801e-05 -3.903862222648802059e-05 -5.911461518744622198e-05 -1.050958529142043065e-04 -1.889198880495645877e-04 -4.749863517067149624e-04 5.672833443931518237e-04 -4.989927092184860691e-02 1.130472330321524721e+00 -2.856943332512389944e+01 5.974564431651967880e+02 -2.808603027967216192e+01 1.107277279859378405e+00 -4.793508905610883997e-02 8.115001313991403132e-04 -3.528949174571349213e-04 -1.241555690161018214e-04 -6.459465683032782415e-05 -3.383481147786602432e-05 -2.080428469716290126e-05 -1.262823747304352346e-05 -8.431033679759116991e-06 -5.677126125823980138e-06 -3.987906791198078800e-06 -2.879228219219836263e-06 -2.105466001308250343e-06 -1.591622095039635567e-06 -1.204060692665310676e-06 -9.747608342494488563e-07
-3.293985561813891178e-05 -5.346701395995777085e-06 -3.637896505486848133e-06 -2.633009773525959829e-06 -2.099807231747412841e-06 -1.772508024705047845e-06 -1.556784736936278002e-06 -1.408632738336555956e-06 -1.306854845510812462e-06 -1.235454334876807016e-06 -1.190617751362588968e-06 -1.162933018310025746e-06 -1.154276819869326416e-06 -1.158616528941914865e-06 -1.178553778370324785e-06 -1.212531798813887678e-06 -1.260386584634858256e-06 -1.327778047993981416e-06 -1.404758045269295533e-06 -1.506568652952590515e-06 -1.631397748884748195e-06 -1.796485770274671103e-06 -1.994009193732073725e-06 -2.245366853494083703e-06 -2.560913228648435945e-06 -2.949814978317214713e-06 -3.470295537081685584e-06 -4.102439801678856838e-06 -4.998232732108123333e-06 -6.111873929965930605e-06 -7.740610564559320255e-06 -9.933314542357723890e-06 -1.313734702409913324e-05 -1.810838972500927334e-05 -2.525921133225139128e-05 -3.869214082950745391e-05 -5.866154767620493750e-05 -1.044119118428691288e-04 -1.878893401067178841e-04 -4.731541568625446991e-04 5.708415528687506638e-04 -4.987472619570809673e-02 1.130200416543367226e+00 -2.856379265600243045e+01 5.974566518205708689e+02 -2.809125883119956057e+01 1.107526962170308771e+00 -4.795497754001418894e-02 8.094099176946063703e-04 -3.539158114522952250e-04 -1.246645474469507250e-04 -6.489357728131002500e-05 -3.400995241841420127e-05 -2.092293320810350256e-05 -1.270677427711570789e-05 -8.487508232445019097e-06 -5.717869252788829694e-06 -4.018298523855534582e-06 -2.902439135411966465e-06 -2.123395121795449334e-06 -1.603905723375958449e-06 -1.262179855053542693e-06
-3.087553766677793315e-05 -5.007675069079468226e-06 -3.407976879687040608e-06 -2.462584461962416412e-06 -1.963175067348844994e-06 -1.653969119360916994e-06 -1.450526143843548880e-06 -1.310295084229661689e-06 -1.211931174996471791e-06 -1.144362951814057289e-06 -1.097795020472470780e-06 -1.071114475102152274e-06 -1.057364107130317881e-06 -1.059241529145564242e-06 -1.071868276061902619e-06 -1.098150704055110540e-06 -1.137518083685091860e-06 -1.184632060191961696e-06 -1.246601719031538049e-06 -1.327272018052765826e-06 -1.435815107468766179e-06 -1.562961650245105200e-06 -1.728625698345036012e-06 -1.925860869635686253e-06 -2.175769010709514199e-06 -2.488867489556325862e-06 -2.874432435321462116e-06 -3.389840693817329882e-06 -4.016173758519922028e-06 -4.903143641416272571e-06 -6.006865763400254868e-06 -7.620877907869171600e-06 -9.795602453470228830e-06 -1.297462315806647746e-05 -1.790969854773568511e-05 -2.501458042153435686e-05 -3.836582509058166228e-05 -5.823396599954798811e-05 -1.037651575621359934e-04 -1.869130008384396464e-04 -4.714153325368258059e-04 5.742218286043504743e-04 -4.985132029159441980e-02 1.129940704038190802e+00 -2.855840453637570064e+01 5.974568468717794758e+02 -2.809626171601130906e+01 1.107765893145494784e+00 -4.797403262741584823e-02 8.074004618527233848e-04 -3.548975012962666100e-04 -1.251544995242051637e-04 -6.518161308386530306e-05 -3.417887843758887453e-05 -2.103747498123769645e-05 -1.278266130827061121e-05 -8.542123223001694900e-06 -5.757304168192348267e-06 -4.047734989703218599e-06 -2.925046013986696286e-06 -2.138307186779005558e-06 -1.678371686197521825e-06
-2.902147732784776172e-05 -4.697716867797831581e-06 -3.195483285897048525e-06 -2.308937481314372833e-06 -1.837002849846176607e-06 -1.547118566196918205e-06 -1.353715643032148446e-06 -1.221022343797313053e-06 -1.127212000372383102e-06 -1.061057272816157647e-06 -1.016553411045965744e-06 -9.872100851838344203e-07 -9.734367092381019540e-07 -9.697669828731796816e-07 -9.793239586622092679e-07 -9.985949542868121004e-07 -1.024450257631213370e-06 -1.058378214428220535e-06 -1.110215869595279556e-06 -1.180563501414083305e-06 -1.264602187997719606e-06 -1.374814504718061004e-06 -1.502845841879993105e-06 -1.668263732161856478e-06 -1.864686588699323703e-06 -2.112836394683725849e-06 -2.423322946211600017e-06 -2.805493429274903122e-06 -3.315921555335457484e-06 -3.936591851483555769e-06 -4.815095068533536068e-06 -5.909306945943227516e-06 -7.509295367157229714e-06 -9.666900106682485680e-06 -1.282214899671545134e-05 -1.772306459487492646e-05 -2.478428169314055284e-05 -3.805796437963697063e-05 -5.782977943532932629e-05 -1.031526396426126710e-04 -1.859867056072564526e-04 -4.697629225626716353e-04 5.774371693118671330e-04 -4.982897569331662391e-02 1.129692389591202328e+00 -2.855325237589544329e+01 5.974570294763161655e+02 -2.810105323587350412e+01 1.107994752589861021e+00 -4.799230565617663979e-02 8.054671878507125562e-04 -3.558421995323647917e-04 -1.256264699066372489e-04 -6.545934608027154827e-05 -3.434191303434768020e-05 -2.114811840039862456e-05 -1.285602957088910649e-05 -8.594968835296610190e-06 -5.795488856135543115e-06 -4.076403620252477284e-06 -2.943676638390862122e-06 -2.235824620890886592e-06
-2.721162722496115892e-05 -4.418363158205847105e-06 -3.002089054124376538e-06 -2.166262471777039055e-06 -1.723617170570745546e-06 -1.448122540132334050e-06 -1.266655933246524709e-06 -1.139589320947256927e-06 -1.050389800095424813e-06 -9.867328820929977268e-07 -9.422913071617859189e-07 -9.138505576336982261e-07 -8.967775158056053062e-07 -8.923265735975739687e-07 -8.966653456242596789e-07 -9.061021784566643207e-07 -9.197239880073143878e-07 -9.513492229073669344e-07 -9.953195138561639377e-07 -1.051426032844833829e-06 -1.124381482760354520e-06 -1.210129803238176212e-06 -1.321027958027318211e-06 -1.449289044199447992e-06 -1.614043177822654018e-06 -1.809361638963396808e-06 -2.055588505501993205e-06 -2.363393898548653092e-06 -2.742176200853338090e-06 -3.247752593197992189e-06 -3.862932104342279546e-06 -4.733323187616464229e-06 -5.818425094909196517e-06 -7.405053554707224567e-06 -9.546348291569879032e-06 -1.267898392206142003e-05 -1.754742190108759978e-05 -2.456709146763526823e-05 -3.776703695175980734e-05 -5.744712035331004849e-05 -1.025717120017908635e-04 -1.851067058396123571e-04 -4.681906449784061343e-04 5.804993385037890722e-04 -4.980762176847700062e-02 1.129454738974306371e+00 -2.854832100625308300e+01 5.974572006710840242e+02 -2.810564650899603834e+01 1.108214164178384475e+00 -4.800984383016295570e-02 8.036058576610645519e-04 -3.567519555875468492e-04 -1.260814284163429570e-04 -6.572731758694479588e-05 -3.449935788736896056e-05 -2.125505825349304864e-05 -1.292700244094698413e-05 -8.646124529186949956e-06 -5.832672487109875326e-06 -4.099814470952629459e-06 -3.072302805607488337e-06
-2.570089927634246324e-05 -4.152984537717138759e-06 -2.823965768695564294e-06 -2.037198848439766597e-06 -1.617807022519371436e-06 -1.359414780557029509e-06 -1.185845778535973629e-06 -1.066439957342071783e-06 -9.803264452640670337e-07 -9.193498417518282331e-07 -8.761103568425872377e-07 -8.468011176785609671e-07 -8.297898604952641241e-07 -8.223221903903630457e-07 -8.181172463566968356e-07 -8.164332720909926433e-07 -8.328099464822745869e-07 -8.582370262944300810e-07 -8.950111814600362077e-07 -9.424340841921094487e-07 -1.000903559686729119e-06 -1.075311134844673374e-06 -1.161995273178521042e-06 -1.273058660006454711e-06 -1.401161867113615577e-06 -1.565002319725433631e-06 -1.759039755753568280e-06 -2.003257706368342491e-06 -2.308367245655020189e-06 -2.683805317741848133e-06 -3.184677640618856216e-06 -3.794549897316625043e-06 -4.657174893268947724e-06 -5.733553977361058660e-06 -7.307448953003106630e-06 -9.433195243472825180e-06 -1.254430013492336265e-05 -1.738182738856629573e-05 -2.436192211062931796e-05 -3.749168429419281995e-05 -5.708431502506784450e-05 -1.020199945021977293e-04 -1.842696182322632690e-04 -4.666928122130635124e-04 5.834190084770345640e-04 -4.978719402039368663e-02 1.129227079695543257e+00 -2.854359653201030156e+01 5.974573613872502165e+02 -2.811005358999297954e+01 1.108424701132207701e+00 -4.802669062736591998e-02 8.018125407414189269e-04 -3.576286705279566438e-04 -1.265202766151210284e-04 -6.598603196404702483e-05 -3.465149477272953875e-05 -2.135847776489402375e-05 -1.299568861269208576e-05 -8.695931931685669714e-06 -5.862698847782267486e-06 -4.274208627925531453e-06
-2.413788108746674592e-05 -3.919311006471815362e-06 -2.659916393360171753e-06 -1.917185693540638390e-06 -1.522496732387033320e-06 -1.276394534491625803e-06 -1.113523666143867585e-06 -9.985361407217056019e-07 -9.173852596307703930e-07 -8.579689949629248978e-07 -8.160948548938032242e-07 -7.870787894684475270e-07 -7.693772801336470334e-07 -7.530979065058130976e-07 -7.391063003986488873e-07 -7.432262081481107263e-07 -7.553002853733645744e-07 -7.777740291529131767e-07 -8.074522157471136407e-07 -8.471830377719329929e-07 -8.967125392823556662e-07 -9.566498165888528060e-07 -1.031884610465618134e-06 -1.119036862164369171e-06 -1.229938680807351985e-06 -1.357631226005542257e-06 -1.520401093978827598e-06 -1.713049898983030338e-06 -1.955221417520792714e-06 -2.257654391696920752e-06 -2.629815396318188087e-06 -3.126140967896268088e-06 -3.730893956707941061e-06 -4.586086886431123769e-06 -5.654114789782167130e-06 -7.215866374673034609e-06 -9.326779794342762446e-06 -1.241736582169013143e-05 -1.722544335149685395e-05 -2.416780341355140963e-05 -3.723068964626432501e-05 -5.673985897490325725e-05 -1.014953402747954857e-04 -1.834723812615242583e-04 -4.652642623760341574e-04 5.862058838668640463e-04 -4.976763343556758062e-02 1.129008794643952651e+00 -2.853906619981882997e+01 5.974575124628860294e+02 -2.811428557553192320e+01 1.108626891219557153e+00 -4.804288616057544870e-02 8.000835867235734158e-04 -3.584741102411270015e-04 -1.269438538453390177e-04 -6.623595986085906802e-05 -3.479858846759115171e-05 -2.145853886548698496e-05 -1.306256099291313714e-05 -8.735836735781131481e-06 -6.102645502949851648e-06
-2.286252178294188506e-05 -3.692855721247351445e-06 -2.509441284925274124e-06 -1.807636431375592384e-06 -1.433440612084607633e-06 -1.201740828929244852e-06 -1.045804281389576895e-06 -9.377456712748709886e-07 -8.590301263112824546e-07 -8.027920766739251587e-07 -7.614488834511574917e-07 -7.338436909822926247e-07 -7.062427212828158045e-07 -6.814349796056968396e-07 -6.751765004456996288e-07 -6.772020362061535550e-07 -6.884996556466056524e-07 -7.056247281271078682e-07 -7.316595007098813338e-07 -7.640265056337630948e-07 -8.056831855082849485e-07 -8.565845505340359024e-07 -9.174451707906230430e-07 -9.931060959089684723e-07 -1.080413668897522347e-06 -1.190935612549385265e-06 -1.318046419123216460e-06 -1.479647292025035980e-06 -1.670844878853791540e-06 -1.910964134890928439e-06 -2.210761750338069934e-06 -2.579727233924576750e-06 -3.071667164892985820e-06 -3.671488918111494684e-06 -4.519569942907392004e-06 -5.579601686051209377e-06 -7.129765091836933361e-06 -9.226517806078550545e-06 -1.229753139678738527e-05 -1.707752296179780100e-05 -2.398386703001430308e-05 -3.698295988298988481e-05 -5.641239604121051565e-05 -1.009958077770802557e-04 -1.827122177863446716e-04 -4.639002998801174831e-04 5.888688087852704056e-04 -4.974888591276219185e-02 1.128799316503872552e+00 -2.853471828344304839e+01 5.974576546539032051e+02 -2.811835269764407386e+01 1.108821221173393434e+00 -4.805846749700107973e-02 7.984156009363985347e-04 -3.592899174696311329e-04 -1.273529427608004530e-04 -6.647754289828622983e-05 -3.494087314816036950e-05 -2.155592209249274346e-05 -1.311542708310005653e-05 -9.075163740233854067e-06
-2.154111423037003190e-05 -3.493612760788749471e-06 -2.369482666092035578e-06 -1.706140556671556316e-06 -1.352397138241492648e-06 -1.131896951197640919e-06 -9.848829980990876461e-07 -8.808940585164196281e-07 -8.067334704247706243e-07 -7.516500758378373373e-07 -7.133947479286808075e-07 -6.744782929058072797e-07 -6.391675653303030720e-07 -6.237179629737638941e-07 -6.176436042955282215e-07 -6.198344650756530217e-07 -6.277679528745959798e-07 -6.432855156232578754e-07 -6.636463938409045929e-07 -6.920512344624382027e-07 -7.262526091113957078e-07 -7.692083180422966732e-07 -8.210056735531705279e-07 -8.824225504278569569e-07 -9.582343350859955763e-07 -1.045478552608097133e-06 -1.155471194571698429e-06 -1.281883294844181542e-06 -1.442255964115621343e-06 -1.631970476946709297e-06 -1.870052954332290723e-06 -2.167270658697480871e-06 -2.533130824208903256e-06 -3.020846301257697152e-06 -3.615922089483327961e-06 -4.457196679232851679e-06 -5.509570302342493324e-06 -7.048667654078127499e-06 -9.131891083097959068e-06 -1.218421812834436534e-05 -1.693739816462175388e-05 -2.380933336998839879e-05 -3.674751014265899740e-05 -5.610070049788204607e-05 -1.005196367942970528e-04 -1.819866027634632762e-04 -4.625966439488483602e-04 5.914158600366318380e-04 -4.973090176201936524e-02 1.128598122831774742e+00 -2.853054198239566830e+01 5.974577886435812388e+02 -2.812226440632975155e+01 1.109008140603620296e+00 -4.807346894214858946e-02 7.968054220907131151e-04 -3.600776228062087204e-04 -1.277482769765488036e-04 -6.671117417745559941e-05 -3.507935269285294424e-05 -2.163254839171441287e-05 -1.361302976255623310e-05
-2.042471981101726873e-05 -3.301371516638571649e-06 -2.241263752111779389e-06 -1.612414615450591864e-06 -1.277102931664330864e-06 -1.068318315250777712e-06 -9.279503758079232439e-07 -8.296762271205863900e-07 -7.578284592818260452e-07 -7.070767370254965104e-07 -6.559982460158005935e-07 -6.095185334361704511e-07 -5.855041434570165628e-07 -5.723016688664686725e-07 -5.668311541544825618e-07 -5.676436929392122260e-07 -5.748003645369637608e-07 -5.865219308415462386e-07 -6.048739908150213592e-07 -6.274809899154020508e-07 -6.575341590086926603e-07 -6.930158873883575160e-07 -7.368476803789750728e-07 -7.892107541154092380e-07 -8.509243246764055856e-07 -9.266918677119769233e-07 -1.013716582887274361e-06 -1.123077193095294228e-06 -1.248711242839778661e-06 -1.407823713398843077e-06 -1.596044798959756652e-06 -1.832120464821084423e-06 -2.126822821977494019e-06 -2.489672678572524662e-06 -2.973322568906488833e-06 -3.563833110428799540e-06 -4.398591823860846570e-06 -5.443628497261356458e-06 -6.972150747476855921e-06 -9.042438209850827687e-06 -1.207690864812570601e-05 -1.680446949442398688e-05 -2.364350049375481548e-05 -3.652345071300943134e-05 -5.580366171762310011e-05 -1.000652277408364279e-04 -1.812932352748913801e-04 -4.613493838046327190e-04 5.938544284717602387e-04 -4.971363526378994729e-02 1.128404731705622277e+00 -2.852652733234620896e+01 5.974579150507084933e+02 -2.812602944287346318e+01 1.109188065469930207e+00 -4.808792229299033855e-02 7.952501019836440274e-04 -3.608386584286022119e-04 -1.281305122262261511e-04 -6.693839700835512059e-05 -3.518692725244764710e-05 -2.237585616219827807e-05
-1.932556848686252976e-05 -3.128549711021006209e-06 -2.121368943543773791e-06 -1.526007472826727747e-06 -1.207596205962385479e-06 -1.009298449319227451e-06 -8.760327047105957439e-07 -7.817997519543496090e-07 -7.152811131868161315e-07 -6.500381095537440691e-07 -5.907918260308075590e-07 -5.582821475805232946e-07 -5.382241593619036778e-07 -5.260721197846728023e-07 -5.209348568959587146e-07 -5.212940556950762128e-07 -5.264958637816142479e-07 -5.369927960486398322e-07 -5.513540963920312589e-07 -5.717056657508617528e-07 -5.959197484075819220e-07 -6.271356975756462356e-07 -6.635123792290182182e-07 -7.079203655633994148e-07 -7.606116176973253486e-07 -8.224336030786665772e-07 -8.980163963295648428e-07 -9.847091457255259683e-07 -1.093367881867741466e-06 -1.218171470786129896e-06 -1.376011016582707612e-06 -1.562743553184007744e-06 -1.796852177731460975e-06 -2.089109343064657992e-06 -2.449046064275948504e-06 -2.928785374550324410e-06 -3.514905715108693902e-06 -4.343424360507528648e-06 -5.381428785799023510e-06 -6.899837648208208084e-06 -8.957746917297067642e-06 -1.197513898251411774e-05 -1.667819746075505146e-05 -2.348573465896433221e-05 -3.630997580394951214e-05 -5.552027097218032603e-05 -9.963112376238071014e-05 -1.806300142236483654e-04 -4.601549395842906873e-04 5.961912901756678210e-04 -4.969704428000676355e-02 1.128218697871147480e+00 -2.852266512574143675e+01 5.974580344368403075e+02 -2.812965590506318136e+01 1.109361381171133809e+00 -4.810185706482175000e-02 7.937468798718526905e-04 -3.615743150624991251e-04 -1.285021871606134884e-04 -6.711491357929684303e-05 -3.638791628782813955e-05
-1.832740541068677092e-05 -2.965655546612031423e-06 -2.011149337374241003e-06 -1.445375506557942554e-06 -1.143535865480673956e-06 -9.547027802803792001e-07 -8.278050950151920592e-07 -7.399934126121911964e-07 -6.568934711888643582e-07 -5.821856657756957251e-07 -5.405878243639833385e-07 -5.134254895639135151e-07 -4.951593025924507404e-07 -4.846397803238290337e-07 -4.793413750562987473e-07 -4.792907129914350060e-07 -4.835536808144345871e-07 -4.918035964714244633e-07 -5.046683363375803532e-07 -5.209336149542308172e-07 -5.427259908613857639e-07 -5.681040642837671910e-07 -6.001390272181451731e-07 -6.371322624394442281e-07 -6.818977469706457204e-07 -7.347427693987195438e-07 -7.965346242067579279e-07 -8.718308389217654082e-07 -9.581106414452385711e-07 -1.066021379836381917e-06 -1.189961734187673424e-06 -1.346529411672759527e-06 -1.531789105083892542e-06 -1.763976971888600845e-06 -2.053862223942071539e-06 -2.410983316997197825e-06 -2.886962221952263789e-06 -3.468861067845359905e-06 -4.291401098004937003e-06 -5.322662087200120948e-06 -6.831391929121387641e-06 -8.877447667745548370e-06 -1.187849180673658662e-05 -1.655809520890988819e-05 -2.333546222267667767e-05 -3.610635387334437424e-05 -5.524961001424676999e-05 -9.921599517189145861e-05 -1.799950171343865071e-04 -4.590100280990337721e-04 5.984326689619292325e-04 -4.968108991004020758e-02 1.128039609319218206e+00 -2.851894684129183943e+01 5.974581473124559352e+02 -2.813315130533804975e+01 1.109528445299071686e+00 -4.811530070437691764e-02 7.922932526550166034e-04 -3.622889270019051403e-04 -1.287912734325097688e-04 -6.906901014388358898e-05
-1.741521891384864912e-05 -2.814224018587110485e-06 -1.908059697017355507e-06 -1.371233279520968051e-06 -1.083613012318243057e-06 -9.043265874252082690e-07 -7.855217806975951137e-07 -6.781546438430557325e-07 -5.837247289465162656e-07 -5.316112423579257751e-07 -4.966374634438451461e-07 -4.723900401475746292e-07 -4.566602554648409209e-07 -4.464937436523252142e-07 -4.419062835244511240e-07 -4.411536491603513356e-07 -4.446069067006556040e-07 -4.516324593568251769e-07 -4.620800253245771529e-07 -4.766668056213832080e-07 -4.943294786309694197e-07 -5.171687798760632373e-07 -5.433913389405871873e-07 -5.759945336578147241e-07 -6.133985013219480007e-07 -6.583591993867875698e-07 -7.112283435722650623e-07 -7.728873621761077256e-07 -8.478232911013158917e-07 -9.336323296641198956e-07 -1.040766316485560630e-06 -1.163825143770441287e-06 -1.319131897495912995e-06 -1.502942118762145996e-06 -1.733259675196929585e-06 -2.020847671754732630e-06 -2.375249708620473700e-06 -2.847612971337340398e-06 -3.425452334605573666e-06 -4.242261388669972711e-06 -5.267052548950420270e-06 -6.766512216137986522e-06 -8.801208276995741930e-06 -1.178659075970584186e-05 -1.644372230746290385e-05 -2.319216275072898475e-05 -3.591191937180728347e-05 -5.499084127761607937e-05 -9.881862605787097885e-05 -1.793864817985702713e-04 -4.579116330669249189e-04 6.005842909659666337e-04 -4.966573618616187263e-02 1.127867084238749928e+00 -2.851536458121127993e+01 5.974582541425031650e+02 -2.813652262274580806e+01 1.109689590074529164e+00 -4.812827862147944086e-02 7.908809687406791362e-04 -3.628468898703841416e-04 -1.324430568119299898e-04
-1.652099858488565324e-05 -2.675533561860569940e-06 -1.812603457386368320e-06 -1.301625902736450361e-06 -1.028434369627017434e-06 -8.602224473758258108e-07 -7.173548766223535476e-07 -5.963483010813821786e-07 -5.311447222155226695e-07 -4.871452252398174815e-07 -4.565810825274127246e-07 -4.355351096205626352e-07 -4.209515755087230282e-07 -4.122081996602868934e-07 -4.073380484022795641e-07 -4.067898206984418622e-07 -4.092318583529408769e-07 -4.151978102721597416e-07 -4.242355778626782169e-07 -4.363008880125445590e-07 -4.521574306481738989e-07 -4.708543040523411368e-07 -4.944539730417751320e-07 -5.212848157473156390e-07 -5.542696869071381656e-07 -5.919298661147340248e-07 -6.369640101318869426e-07 -6.897602328572877616e-07 -7.512101167946157546e-07 -8.257328654244139974e-07 -9.110306141688309541e-07 -1.017371939601681122e-06 -1.139541698319692592e-06 -1.293605542256295417e-06 -1.475995021853612249e-06 -1.704495184317101233e-06 -1.989860725328115088e-06 -2.341638471769031862e-06 -2.810525131309674638e-06 -3.384460194182503176e-06 -4.195772720473531079e-06 -5.214353198886488009e-06 -6.704927751611431091e-06 -8.728729336220252783e-06 -1.169909558496370708e-05 -1.633467939990072127e-05 -2.305536308813029684e-05 -3.572606557549727206e-05 -5.474319940121306465e-05 -9.843790260790912948e-05 -1.788027902968523876e-04 -4.568569791340840918e-04 6.026514325632669443e-04 -4.965094980394656188e-02 1.127700768297620559e+00 -2.851191101521453319e+01 5.974583553510840375e+02 -2.813977634950763829e+01 1.109845124845789455e+00 -4.814082580608113060e-02 7.897697972890928807e-04 -3.698485892065912729e-04
-1.575209047420472817e-05 -2.542571358759459996e-06 -1.723605235906553674e-06 -1.237175619576096285e-06 -9.806947368725093191e-07 -7.813912949391638936e-07 -6.222304438846848847e-07 -5.396512520780577723e-07 -4.846962058998632297e-07 -4.469443902504609129e-07 -4.202462327138058459e-07 -4.013751972983188158e-07 -3.886573651413433932e-07 -3.802754051421125100e-07 -3.762187028310175855e-07 -3.750280968048515195e-07 -3.773506388355166466e-07 -3.821098847167128796e-07 -3.899205759332522802e-07 -4.004496789580231807e-07 -4.137204884425648664e-07 -4.305194641342700557e-07 -4.499831942424136850e-07 -4.741302898024087244e-07 -5.013917559307590095e-07 -5.346176485006868895e-07 -5.724168136491971988e-07 -6.174324272557709224e-07 -6.700829073299975635e-07 -7.312671359534310779e-07 -8.053394195532941970e-07 -8.900984001777182880e-07 -9.956407155599129583e-07 -1.116921879802544353e-06 -1.269765843340090692e-06 -1.450766989797432124e-06 -1.677503932393849253e-06 -1.960721113040574954e-06 -2.309966965229793083e-06 -2.775510251775926186e-06 -3.345689418028514038e-06 -4.151727396996396465e-06 -5.164342713841710279e-06 -6.646395145793795314e-06 -8.659740942818294749e-06 -1.161569871167288350e-05 -1.623060458127007611e-05 -2.292463339282652614e-05 -3.554823997523313847e-05 -5.450598585525652100e-05 -9.807280573645092670e-05 -1.782424590177845351e-04 -4.558435145480692384e-04 6.046389528610257667e-04 -4.963669989546150296e-02 1.127540332181220739e+00 -2.850857933049918813e+01 5.974584513256039600e+02 -2.814291853207742733e+01 1.109995306467624454e+00 -4.815224342869787316e-02 7.707746671517479121e-04
-1.496152165921700786e-05 -2.423160989844696607e-06 -1.639963613590377947e-06 -1.182796555521079873e-06 -8.839476387194283129e-07 -6.655093799650135779e-07 -5.584291815382540730e-07 -4.894677924977261807e-07 -4.430197285307472698e-07 -4.100741422722415860e-07 -3.867381616097289712e-07 -3.701074045857538587e-07 -3.585647433173899711e-07 -3.513301239845269678e-07 -3.471891227098621210e-07 -3.464231903091902452e-07 -3.478779053066032550e-07 -3.522946087184451136e-07 -3.587688219127865670e-07 -3.679544019119703966e-07 -3.796006923788766792e-07 -3.937756933634545484e-07 -4.112747450843599915e-07 -4.313047818330754684e-07 -4.558385978685429555e-07 -4.833953259963786030e-07 -5.167551398116178367e-07 -5.546036802755109772e-07 -5.995310059525169928e-07 -6.519811005744159346e-07 -7.128580568144704409e-07 -7.864543020213558640e-07 -8.706568332523263391e-07 -9.754007814889179918e-07 -1.095799635064264183e-06 -1.247450047136406479e-06 -1.427097468806478903e-06 -1.652125474021033632e-06 -1.933266763073145964e-06 -2.280069993795475623e-06 -2.742396877106917362e-06 -3.308961334169809910e-06 -4.109934262677012483e-06 -5.116816213321570257e-06 -6.590687876180944788e-06 -8.593990505077537371e-06 -1.153611081076895473e-05 -1.613115579272424998e-05 -2.279956540254388903e-05 -3.537791625561034813e-05 -5.427853246986329724e-05 -9.772236072637071388e-05 -1.777040675779518791e-04 -4.548688036840108713e-04 6.065514680598882522e-04 -4.962295758682560426e-02 1.127385469837167031e+00 -2.850536318595405305e+01 5.974585424205899926e+02 -2.814595474670504416e+01 1.110139013718136169e+00 -4.812724891903508856e-02
-1.429597784252042709e-05 -2.306007878080399963e-06 -1.572269253974284745e-06 -1.054252867362630294e-06 -7.339944670090332106e-07 -5.900057544766817442e-07 -5.020966417030344022e-07 -4.446198384181229532e-07 -4.045024484405842820e-07 -3.762489975623596911e-07 -3.556733323398158785e-07 -3.411098947753549557e-07 -3.309535266528858633e-07 -3.243222208705729868e-07 -3.208780532956163284e-07 -3.197465764110438158e-07 -3.213584823151871664e-07 -3.247587676280262575e-07 -3.307304687961324093e-07 -3.384918558529861211e-07 -3.487126793309439061e-07 -3.612016197455389465e-07 -3.760569930929808098e-07 -3.940746962787881583e-07 -4.145196815550018642e-07 -4.393189541780630113e-07 -4.670684971799109760e-07 -5.004820148648109965e-07 -5.383133440744757041e-07 -5.831019369033767404e-07 -6.353137852228567057e-07 -6.958565675108191797e-07 -7.689640144948276222e-07 -8.526044205743957435e-07 -9.565610912683661609e-07 -1.076094516957206701e-06 -1.226587141575246206e-06 -1.404925680106482915e-06 -1.628308876827934418e-06 -1.907457673789259409e-06 -2.251919647035854270e-06 -2.711170214472500951e-06 -3.274278215158548472e-06 -4.070413583816995317e-06 -5.071820495057963098e-06 -6.537881321060952508e-06 -8.531597381392945685e-06 -1.146050376246403905e-05 -1.603658166338346790e-05 -2.268051803122748914e-05 -3.521559531954555281e-05 -5.406159955991063311e-05 -9.738761490248099191e-05 -1.771893109774015044e-04 -4.539352161193833317e-04 6.083849928997731504e-04 -4.960971105301868744e-02 1.127235858150228864e+00 -2.850225662701895502e+01 5.974586249616202167e+02 -2.814879958049905895e+01 1.107982697852720522e+00
-1.358454596265634782e-05 -2.218475055125168447e-06 -1.376845683872517317e-06 -8.412222475637848216e-07 -6.376713225505576478e-07 -5.227250665584423288e-07 -4.508733905646506141e-07 -4.023100511317506085e-07 -3.685176112002080260e-07 -3.439350964107900615e-07 -3.263808636898428977e-07 -3.135488254429197464e-07 -3.047331967012561445e-07 -2.989742938528256385e-07 -2.957742811532934542e-07 -2.950353992072491754e-07 -2.960920340002829814e-07 -2.994514453064802889e-07 -3.042979601921210518e-07 -3.114270715883693009e-07 -3.201496121183727354e-07 -3.311366276425828373e-07 -3.442417943656572017e-07 -3.595832623612268043e-07 -3.779524346662167789e-07 -3.986628523877563509e-07 -4.235953726963191061e-07 -4.514147383468349235e-07 -4.847685824512152555e-07 -5.224736864697628013e-07 -5.670170381807972833e-07 -6.188851989108596356e-07 -6.789839681295736509e-07 -7.514899285043788096e-07 -8.344446217562555596e-07 -9.374806380829303350e-07 -1.055998038639588870e-06 -1.205160049459380847e-06 -1.381991674585342052e-06 -1.603489696530832030e-06 -1.880364980767584483e-06 -2.222132385627899094e-06 -2.677876468557006742e-06 -3.236981621990811518e-06 -4.027571898376936976e-06 -5.022606362069961519e-06 -6.479611372107186869e-06 -8.462142703713876246e-06 -1.137549067961410772e-05 -1.592942650696285763e-05 -2.254410168226039299e-05 -3.502864309808811916e-05 -5.380905901146226740e-05 -9.699742759951415294e-05 -1.765887737400109291e-04 -4.528477819136024246e-04 6.104946341929503792e-04 -4.959605179331878083e-02 1.127090204455784450e+00 -2.849916213996166192e+01 5.974566169561002198e+02 -2.809877165028892421e+01
-1.362498656731351238e-05 -1.914339687961898772e-06 -1.070852399711184537e-06 -7.385143463400105154e-07 -5.772763632397237512e-07 -4.827238306802125552e-07 -4.216722357828321356e-07 -3.799693508990955147e-07 -3.501091106336642929e-07 -3.286776253780685665e-07 -3.127893268173943915e-07 -3.015350061258348723e-07 -2.934943498665572316e-07 -2.883839661846608380e-07 -2.855951979887935565e-07 -2.848273156487702130e-07 -2.861105929585606000e-07 -2.889202714094923603e-07 -2.937806642192862959e-07 -3.000023409492395999e-07 -3.083497002908158471e-07 -3.182396365616150571e-07 -3.303133726470573100e-07 -3.444879464304026365e-07 -3.608935688541023605e-07 -3.803205864598051800e-07 -4.021611803117762461e-07 -4.282262511928467140e-07 -4.573242514151486186e-07 -4.919900275030694298e-07 -5.312120217966242985e-07 -5.773866191737387675e-07 -6.311276584098790731e-07 -6.933721422172017558e-07 -7.682876752795172623e-07 -8.541793314178971493e-07 -9.604678997904234846e-07 -1.083118984498385816e-06 -1.236920421381823639e-06 -1.419708278625663321e-06 -1.648216837480116418e-06 -1.933923808768883773e-06 -2.286881607245852114e-06 -2.756295798237312356e-06 -3.334170525253569374e-06 -4.147355396213118436e-06 -5.175412765494262429e-06 -6.673384035033928888e-06 -8.717266038281038120e-06 -1.171425134856490653e-05 -1.639123612090138157e-05 -2.320274531081587064e-05 -3.596702165813926082e-05 -5.529626371269487020e-05 -9.928363825496910411e-05 -1.807752532053426688e-04 -4.604771035647214580e-04 5.905380222583117740e-04 -4.955576334835954527e-02 1.124614879728772943e+00 -2.844324959979990197e+01 5.961159838286105241e+02
