5.744524639253208989e+02 -3.226682715645782196e+01 1.234077853914594680e+00 -6.199654217322948802e-02 -1.219795990705640652e-03 -1.313236132171105835e-03 -5.321445508226324258e-04 -3.054738968781456517e-04 -1.664412441128595391e-04 -1.072244380045690043e-04 -6.914453142612215694e-05 -4.714989598586946743e-05 -3.378392696400043643e-05 -2.413363336898177426e-05 -1.837606026906323344e-05 -1.373989291650429089e-05 -1.081844578294959836e-05 -8.443790513075003228e-06 -6.781686388205538448e-06 -5.489674018282340347e-06 -4.477076592957637329e-06 -3.726015310925098722e-06 -3.086139621481424332e-06 -2.617828011748789640e-06 -2.205054637125642886e-06 -1.893735732370774900e-06 -1.622734083583808791e-06 -1.405639275233109181e-06 -1.223514984093791696e-06 -1.067976072979081999e-06 -9.610523823253507066e-07
-2.435312577258602929e+01 5.963953534536669849e+02 -3.023666354272947743e+01 1.189255781968091341e+00 -5.527251180310716744e-02 -2.756710336340136079e-04 -8.574019061214927656e-04 -3.740770848504712705e-04 -2.120410746146149676e-04 -1.212539687412651025e-04 -7.941606156425598528e-05 -5.203585175787127116e-05 -3.654689825774471454e-05 -2.621383221824588291e-05 -1.929710356721821198e-05 -1.466817379106934735e-05 -1.122577112988934387e-05 -8.857147917000469619e-06 -7.011085334878422338e-06 -5.673196576659668014e-06 -4.620797932750959500e-06 -3.810952111202914416e-06 -3.176413849462763678e-06 -2.662573070700723746e-06 -2.259327107047969894e-06 -1.922236283831692759e-06 -1.653665012479872615e-06 -1.426430757713402159e-06 -1.241440308491094440e-06 -1.079596313392478511e-06 -7.643406449169748737e-07
9.587159960808666614e-01 -2.666604509783975629e+01 5.971058428902323385e+02 -2.955686278846507875e+01 1.167797571803406598e+00 -5.314476012551592327e-02 7.087111507957547332e-05 -7.022325819221295236e-04 -3.028370618246843974e-04 -1.718593848552266894e-04 -9.865350149919422849e-05 -6.520777031821982990e-05 -4.283696133906845089e-05 -3.042413518765511949e-05 -2.188158423528939510e-05 -1.627006383767755381e-05 -1.241437735885412210e-05 -9.573635919223327518e-06 -7.592657380037117130e-06 -6.041646990345063738e-06 -4.918661321575940688e-06 -4.020429237134105374e-06 -3.336610159435881526e-06 -2.788832188618988135e-06 -2.350880533936297745e-06 -2.000507205975227927e-06 -1.709690759327362305e-06 -1.476333611002716231e-06 -1.274610932058317049e-06 -9.569860471530131160e-07 -7.264497558796010544e-07
-3.977644924816504252e-02 1.047448426443541303e+00 -2.720486750513602558e+01 5.972824481987379386e+02 -2.923436766979153489e+01 1.156489321169726914e+00 -5.210821031848113932e-02 2.400479314462406811e-04 -6.255885004793945280e-04 -2.649453003776949312e-04 -1.499310141001667382e-04 -8.576227386932917525e-05 -5.679203754614340759e-05 -3.727026488960742808e-05 -2.655905303467040292e-05 -1.912261470480608024e-05 -1.426511297668917445e-05 -1.091277411749096313e-05 -8.438942643662934994e-06 -6.715879750010998685e-06 -5.356585531941413401e-06 -4.377180548202727542e-06 -3.585794090676010632e-06 -2.986396084749726745e-06 -2.501959648765164763e-06 -2.115465883922448020e-06 -1.805398027316419159e-06 -1.544133235491515570e-06 -1.208622570058062081e-06 -9.362461139472440564e-07 -7.686970928963163754e-07
1.135967303950214270e-03 -4.422343703531217418e-02 1.069295467847914738e+00 -2.747686198312583272e+01 5.973536024100479835e+02 -2.904583081147961465e+01 1.149453414784048499e+00 -5.148590847275651139e-02 3.384376371019826328e-04 -5.802764734068461801e-04 -2.419570014269259884e-04 -1.363243133532308731e-04 -7.761363654793411785e-05 -5.132844921370153580e-05 -3.360806956717664573e-05 -2.395031426810436095e-05 -1.724016279338647884e-05 -1.286733040125358651e-05 -9.854235994953431662e-06 -7.626187546814757038e-06 -6.079802331020579398e-06 -4.854356116975992131e-06 -3.974529980191649392e-06 -3.260478335344344548e-06 -2.720472174221393348e-06 -2.283599213281927761e-06 -1.931677007380627588e-06 -1.540688223274214926e-06 -1.226624054259773620e-06 -9.951397441254144249e-07 -8.326386439069969218e-07
-1.565297084333776669e-04 1.035848528764727770e-03 -4.545394520164546676e-02 1.080682255212263243e+00 -2.764200106114008548e+01 5.973893078316772289e+02 -2.892203966544225935e+01 1.144638679101348311e+00 -5.106801023147861107e-02 4.024744950288857174e-04 -5.504452942315851607e-04 -2.266525102595968208e-04 -1.271338623381846418e-04 -7.205596500205608797e-05 -4.753798387394346660e-05 -3.104291508986663299e-05 -2.209423561777310737e-05 -1.588720652405305948e-05 -1.184990199743094091e-05 -9.075200612285408650e-06 -7.022350526465471062e-06 -5.601678998575039156e-06 -4.474207819217954246e-06 -3.666203833496845361e-06 -3.010414319957504221e-06 -2.511859500791452849e-06 -2.012367611114506072e-06 -1.620854719645901775e-06 -1.326915235564851385e-06 -1.082182877508804671e-06 -9.223614821651410221e-07
-3.897406412886147867e-05 -2.411018232301678126e-04 9.813600635744693882e-04 -4.614367028653777736e-02 1.087748556064679573e+00 -2.775307989915580009e+01 5.974097534758842585e+02 -2.883449788596202268e+01 1.141131788950048520e+00 -5.076693327105433889e-02 4.474218637934491332e-04 -5.293454036341276080e-04 -2.157652020074514617e-04 -1.205393963801359276e-04 -6.804410780291610399e-05 -4.477289932244939358e-05 -2.915771366995361752e-05 -2.071710826798332886e-05 -1.487454836799299225e-05 -1.108243779070921396e-05 -8.481944892546822295e-06 -6.559619711312350898e-06 -5.231774274170505292e-06 -4.178901962191559090e-06 -3.422729470357861925e-06 -2.722624968716571588e-06 -2.196959544970062882e-06 -1.790768980975106228e-06 -1.467200086061236038e-06 -1.206660140899200712e-06 -1.029898353690732219e-06
-1.909847763968909780e-05 -7.466887212629709427e-05 -2.722604520867783037e-04 9.439923047933538019e-04 -4.659424365004500440e-02 1.092577696669597698e+00 -2.783295565683566863e+01 5.974225492075000830e+02 -2.876930442940107113e+01 1.138461599710507199e+00 -5.053923415552544207e-02 4.807030146549561445e-04 -5.136385627601651460e-04 -2.076327192199928272e-04 -1.155889844883411691e-04 -6.501999706576391857e-05 -4.267519342878750728e-05 -2.771917093580322843e-05 -1.966002143733969787e-05 -1.409168688257035786e-05 -1.048605949560419579e-05 -8.017434497691196442e-06 -6.195955113835302986e-06 -4.937262512169453706e-06 -3.861224306066111191e-06 -3.091867555085803309e-06 -2.485670803550052023e-06 -2.027757400586893815e-06 -1.658803364226373398e-06 -1.361075739613444300e-06 -1.168761261105535554e-06
-9.384000911822455317e-06 -3.767140412516377921e-05 -8.864926007725814857e-05 -2.915278186028796847e-04 9.156888897329604898e-04 -4.691406447619728831e-02 1.096092377111196781e+00 -2.789317301040573582e+01 5.974310876814723770e+02 -2.871886469685596666e+01 1.136359675572775396e+00 -5.036077874425063522e-02 5.063414282678059802e-04 -5.014912841284067425e-04 -2.013286493549731610e-04 -1.117406714456310669e-04 -6.266221524137205250e-05 -4.103313191426907752e-05 -2.658810895128941378e-05 -1.882559952122822802e-05 -1.347035454004643146e-05 -1.001125859747313463e-05 -7.643970279529013867e-06 -5.827490446264026915e-06 -4.574350214782283860e-06 -3.598043042343859557e-06 -2.899722913767517683e-06 -2.335217823943612133e-06 -1.907983817498194543e-06 -1.560457962453679003e-06 -1.335517419593726413e-06
-5.399094944346791364e-06 -1.931296405778930167e-05 -4.541898736995645715e-05 -9.714786990728486115e-05 -3.053286174157690113e-04 8.933224006680599242e-04 -4.715367330009639230e-02 1.098767200551261425e+00 -2.794020076654473073e+01 5.974370687166041307e+02 -2.867867683669390644e+01 1.134661597979644387e+00 -5.021703542208715704e-02 5.267021787907831629e-04 -4.918150732299721552e-04 -1.962985970913432162e-04 -1.086650017417038582e-04 -6.077392463653402818e-05 -3.971452426810622235e-05 -2.567693396115175317e-05 -1.815176537655530906e-05 -1.296519373844964566e-05 -9.554681381054559388e-06 -7.223475693232858021e-06 -5.520475530805331698e-06 -4.347211957597760183e-06 -3.420804333286177149e-06 -2.758243891845444960e-06 -2.221952519009972853e-06 -1.813657270479313815e-06 -1.545835051931505714e-06
-3.109719170940160338e-06 -1.147442011009470261e-05 -2.360166556138337349e-05 -5.013583300687176036e-05 -1.032292720520352884e-04 -3.159377039959060797e-04 8.751884021847938745e-04 -4.734023445760567050e-02 1.100872087390123655e+00 -2.797794780307960494e+01 5.974414208391997363e+02 -2.864590224433448995e+01 1.133260930516783116e+00 -5.009870953147426559e-02 5.432653851184146131e-04 -4.839237384176150666e-04 -1.921913548374361573e-04 -1.061509799395510322e-04 -5.922832120797396553e-05 -3.863339589210323304e-05 -2.492691753700974398e-05 -1.753132959048322399e-05 -1.244062026005954066e-05 -9.171917992055251382e-06 -6.940544323914462522e-06 -5.301905773268144889e-06 -4.173926827740487192e-06 -3.283203791766374717e-06 -2.646981819377636971e-06 -2.129061659453249465e-06 -1.810114768903606528e-06
-1.974171039047349313e-06 -6.823616974310095520e-06 -1.427067920150521264e-05 -2.619416485959788029e-05 -5.347757128374045030e-05 -1.079439604187982350e-04 -3.244303879974390912e-04 8.601983234702572593e-04 -4.748977434216317822e-02 1.102572168290782972e+00 -2.800891628422182578e+01 5.974446862769543714e+02 -2.861866211330046994e+01 1.132085685871040637e+00 -4.999956922698272493e-02 5.570045262339362504e-04 -4.773635735575549287e-04 -1.887738679177152531e-04 -1.040578867793929825e-04 -5.793920007488218064e-05 -3.767004787337796100e-05 -2.419989629867021829e-05 -1.700754925973652423e-05 -1.206250611152164350e-05 -8.884800992207416600e-06 -6.717513330768068645e-06 -5.127485969501353573e-06 -4.034231234352812797e-06 -3.171646317371105498e-06 -2.552745286550666162e-06 -2.137691502529699857e-06
-1.272909941566004441e-06 -4.438185439772652798e-06 -8.592450019263270082e-06 -1.598082937674716713e-05 -2.801931698875906749e-05 -5.605343583798914610e-05 -1.117599268455343883e-04 -3.314147966292386310e-04 8.476084537707080950e-04 -4.761240333949385423e-02 1.103974251906777670e+00 -2.803478259439888021e+01 5.974471989874674591e+02 -2.859566326585355966e+01 1.131085410802334268e+00 -4.991527502346012474e-02 5.685861995190801248e-04 -4.718229797566839828e-04 -1.858845100679948510e-04 -1.022307999844238946e-04 -5.675480687860878093e-05 -3.685018228674502593e-05 -2.364174341718672037e-05 -1.659536725931181855e-05 -1.175541945219594665e-05 -8.649786826751188661e-06 -6.533778246360814108e-06 -4.983131610407373598e-06 -3.918289695394324993e-06 -3.074615451211075953e-06 -2.574615768906783402e-06
-8.596034816350067526e-07 -2.928220800773366322e-06 -5.671806417412521499e-06 -9.683676429504291307e-06 -1.717731357108446787e-05 -2.942400060194244423e-05 -5.813781547250713674e-05 -1.149324669286848750e-04 -3.372736511778482642e-04 8.368908643908766574e-04 -4.771483300403895483e-02 1.105150534061795087e+00 -2.805671219633262226e+01 5.974491738001938756e+02 -2.857598640918058663e+01 1.130223683677637592e+00 -4.984270988889014792e-02 5.784831915917501392e-04 -4.670268669409405283e-04 -1.833221555080582035e-04 -1.006619633930080866e-04 -5.579475466165484415e-05 -3.617758366750853318e-05 -2.317625675724229131e-05 -1.625012379140460908e-05 -1.149740806884950572e-05 -8.451792446735211084e-06 -6.378591212173109076e-06 -4.861149976276206381e-06 -3.815093980004580631e-06 -3.113927083622035207e-06
-5.985834456106651808e-07 -2.017634160463657575e-06 -3.784177856055026066e-06 -6.442219800211435260e-06 -1.044776373295751515e-05 -1.809126689335934524e-05 -3.056227443884770829e-05 -5.987660798993109287e-05 -1.176202904946614631e-04 -3.422649196071041720e-04 8.276604039140257347e-04 -4.780170169527329233e-02 1.106151591679900070e+00 -2.807554057367453382e+01 5.974507540119446958e+02 -2.855896008905297023e+01 1.129473548745361766e+00 -4.977952496614495431e-02 5.871205380772725200e-04 -4.628714047502546411e-04 -1.811548613812346447e-04 -9.933172527164748256e-05 -5.497572105040371903e-05 -3.560277065704078934e-05 -2.277823765871839310e-05 -1.595450812553095331e-05 -1.127628764752476541e-05 -8.281893121073571792e-06 -6.245499276865832084e-06 -4.750354907651649005e-06 -3.874034127895941805e-06
-4.242621927907643625e-07 -1.428698018765945198e-06 -2.639261704635205119e-06 -4.327873278169921950e-06 -6.980416317303771334e-06 -1.103028921726513512e-05 -1.882904071919259714e-05 -3.151460509367093262e-05 -6.135739661041149362e-05 -1.199305563000109380e-04 -3.465709281321780301e-04 8.196298043481732402e-04 -4.787632167267869693e-02 1.107013923435199665e+00 -2.809188233543554247e+01 5.974520381840670780e+02 -2.854408237741613874e+01 1.128814700847225350e+00 -4.972404132649734659e-02 5.946121221399643803e-04 -4.592656649230507978e-04 -1.792715662293766171e-04 -9.817597999599368512e-05 -5.426466323447902944e-05 -3.510349339641308740e-05 -2.243262571692969390e-05 -1.569765956674478309e-05 -1.108408717740065491e-05 -8.134424691076548366e-06 -6.122338086317962729e-06 -4.838229724499128079e-06
-3.111016015258886744e-07 -1.029759814781383862e-06 -1.887896723906558434e-06 -3.038508531718336383e-06 -4.710268459747311407e-06 -7.388694213093111108e-06 -1.149938487163334880e-05 -1.944609469054154718e-05 -3.232865449138867667e-05 -6.263759992090549126e-05 -1.219395941530749785e-04 -3.503251345153287981e-04 8.125807306055582869e-04 -4.794112365842351925e-02 1.107764536666752786e+00 -2.810619965781692997e+01 5.974530959869848630e+02 -2.853097065469146187e+01 1.128231308319731507e+00 -4.967495561093551726e-02 6.011979477180966376e-04 -4.560935849129186897e-04 -1.776155878859844131e-04 -9.716000577966923534e-05 -5.364007313189528926e-05 -3.466483071899603913e-05 -2.212908266665675127e-05 -1.547197755340583937e-05 -1.091557111309857841e-05 -7.995627339480007972e-06 -6.244909261088910243e-06
-2.298088266542881590e-07 -7.650302113125449797e-07 -1.374145841910782613e-06 -2.188522798001765002e-06 -3.319609143235712937e-06 -5.000359577768442502e-06 -7.716443005433581314e-06 -1.189103413362578476e-05 -1.997453655931915364e-05 -3.303539680189391224e-05 -6.375734312073404804e-05 -1.237037935042140145e-04 -3.536281027662794641e-04 8.063451433882726964e-04 -4.799789086746947958e-02 1.108423914817797895e+00 -2.811884690527600483e+01 5.974539775769866310e+02 -2.851932807153583127e+01 1.127711125300716821e+00 -4.963120493618988077e-02 6.070371719838075619e-04 -4.532787202790346508e-04 -1.761465282256848897e-04 -9.625886632862602332e-05 -5.308639993546409946e-05 -3.427590106571457549e-05 -2.186002056805038998e-05 -1.527238123157554606e-05 -1.075432509916119650e-05 -8.171029404162840953e-06
-1.746130857335407171e-07 -5.728539479215875914e-07 -1.030408018994193894e-06 -1.602023339813324567e-06 -2.402113102463896795e-06 -3.532554143610507525e-06 -5.232502574130480028e-06 -7.989844670397314120e-06 -1.222624303404604130e-05 -2.043465444526097849e-05 -3.365632565880828084e-05 -6.474617724278481376e-05 -1.252653094059476681e-04 -3.565177679264637804e-04 8.008546479422193418e-04 -4.804806465981142916e-02 1.109007661968440361e+00 -2.813010027520970624e+01 5.974547200532433635e+02 -2.850892075348826182e+01 1.127244402667737955e+00 -4.959195965883745477e-02 6.122515136222980844e-04 -4.507628164877043294e-04 -1.748336768935883790e-04 -9.545360696155913373e-05 -5.259184726309994163e-05 -3.392841334928043345e-05 -2.162035194695059341e-05 -1.507856903438453183e-05 -1.100154749345310572e-05
-1.336419383135972859e-07 -4.401117545145151801e-07 -7.776984648427374537e-07 -1.209164023375720354e-06 -1.764629105381232194e-06 -2.564149704944569671e-06 -3.702777783851557716e-06 -5.425448325789196306e-06 -8.223987124119832968e-06 -1.251829532668109522e-05 -2.084037760159962303e-05 -3.420647876768865891e-05 -6.558958205106484192e-05 -1.265971862950156766e-04 -3.590952722565912713e-04 7.958937766251570787e-04 -4.809275778052034267e-02 1.109528119614621833e+00 -2.814017819703199663e+01 5.974553512245206548e+02 -2.849956198218384529e+01 1.126823297319086592e+00 -4.955655530482001164e-02 6.169369312114173333e-04 -4.485000465920257616e-04 -1.736529588714198975e-04 -9.472939717173244013e-05 -5.214718319090203040e-05 -3.361681461982884582e-05 -2.138399174420575221e-05 -1.543171597009087065e-05
-1.042409228923238735e-07 -3.404746082990421933e-07 -6.025759712812467380e-07 -9.172205335287445726e-07 -1.337833113712641720e-06 -1.888236704389607132e-06 -2.693352851444010944e-06 -3.844204786318504475e-06 -5.590237118350410367e-06 -8.428400688227146722e-06 -1.277558534588297405e-05 -2.116716521421844788e-05 -3.464116251791552311e-05 -6.634275149966824953e-05 -1.278289449274532831e-04 -3.614313166586250511e-04 7.914122356290811521e-04 -4.813281279189510209e-02 1.109995063554884975e+00 -2.814925572742355442e+01 5.974558922800918026e+02 -2.849110087191467500e+01 1.126441429163840935e+00 -4.952445262185237174e-02 6.211704296414955482e-04 -4.464536799799227675e-04 -1.725851323177061915e-04 -9.407436582120128770e-05 -5.174634726389753094e-05 -3.330570379201464401e-05 -2.191058025978547777e-05
-8.217163247601522302e-08 -2.682055484628139728e-07 -4.692259581683800671e-07 -7.149043258326370348e-07 -1.018366309892478737e-06 -1.435835694239766832e-06 -1.986897850356644090e-06 -2.800315960166405956e-06 -3.965131526810812720e-06 -5.733283349295958682e-06 -8.577185591992338642e-06 -1.295151252148217732e-05 -2.145754518788363290e-05 -3.506620437377212335e-05 -6.704093468536573524e-05 -1.289495472271523198e-04 -3.635473026836483624e-04 7.873475319162951715e-04 -4.816891570060840427e-02 1.110416351342544905e+00 -2.815747480165570948e+01 5.974563595956698236e+02 -2.848341416573368079e+01 1.126093555342575048e+00 -4.949520915914049080e-02 6.250146309017049189e-04 -4.445938673682748774e-04 -1.716145367104459979e-04 -9.348072740586800837e-05 -5.134042007698058564e-05 -3.407528334210893904e-05
-6.547241956266883634e-08 -2.132185520415526449e-07 -3.724320130359834983e-07 -5.593020420631981684e-07 -7.969355755500355915e-07 -1.095764349565899019e-06 -1.513938244435073019e-06 -2.068726297109400853e-06 -2.890919370919958136e-06 -4.040750272690150960e-06 -5.809667925398455362e-06 -8.707163502032552529e-06 -1.314104513725828045e-05 -2.173763614196948655e-05 -3.545909004372796073e-05 -6.767911803393283421e-05 -1.299700596520860364e-04 -3.654709754616373095e-04 7.836455132006286094e-04 -4.820162433496805177e-02 1.110798372321953442e+00 -2.816495171368639561e+01 5.974567659888083426e+02 -2.847640018749227053e+01 1.125775327628499634e+00 -4.946845837077149671e-02 6.285210183016210102e-04 -4.428959906326802778e-04 -1.707311571366875618e-04 -9.287400930372852886e-05 -5.260518534700396180e-05
-5.285001447572471708e-08 -1.713985356701659488e-07 -2.977776195997743443e-07 -4.462330120163951831e-07 -6.256732915726116270e-07 -8.598386805023416027e-07 -1.157723640509162240e-06 -1.578011547432528514e-06 -2.110826897686740250e-06 -2.923020217470155561e-06 -4.104221154892809888e-06 -5.906614483722467897e-06 -8.840867928884637870e-06 -1.332022289550427398e-05 -2.199703746671593407e-05 -3.582011309179517129e-05 -6.826284284878717413e-05 -1.309021587329843453e-04 -3.672266546400017231e-04 7.802603940212334607e-04 -4.823139639754893404e-02 1.111146375773680806e+00 -2.817178265683696381e+01 5.974571216080569229e+02 -2.846997431619328012e+01 1.125483109360283729e+00 -4.944389396488265559e-02 6.317324537713401396e-04 -4.413440001739950226e-04 -1.698213827941811042e-04 -9.484585090435877774e-05
-4.290545366984579922e-08 -1.393170369368701361e-07 -2.409384881886920539e-07 -3.583856657528762549e-07 -5.009404673148828944e-07 -6.769898286077781025e-07 -9.096771138820278354e-07 -1.183569505048316037e-06 -1.589079907616718567e-06 -2.143411673340298432e-06 -2.977159626823483239e-06 -4.176143326233605294e-06 -6.001051528136537850e-06 -8.966926532329580273e-06 -1.348673278637514931e-05 -2.223617104206094530e-05 -3.615190179954974186e-05 -6.879806913415453817e-05 -1.317563417257531534e-04 -3.688350626497621972e-04 7.771535346091756587e-04 -4.825861083983076089e-02 1.111464714585451041e+00 -2.817804788720596321e+01 5.974574345732773963e+02 -2.846406555351694578e+01 1.125213835528813044e+00 -4.942125776922310504e-02 6.346769376775006745e-04 -4.397364054027628794e-04 -1.735322449758745246e-04
-3.528718247184071776e-08 -1.139822088546709292e-07 -1.968799029432246973e-07 -2.912615656691541107e-07 -4.038444255545858286e-07 -5.428936703721602685e-07 -6.949311504524849266e-07 -9.108017527568369936e-07 -1.200823453043894367e-06 -1.621425044505459767e-06 -2.185748318562298409e-06 -3.031904532893978967e-06 -4.245465965725106306e-06 -6.089994853087946579e-06 -9.084265273152282251e-06 -1.364084350743346516e-05 -2.245664604323992770e-05 -3.645738871929773755e-05 -6.929025220387653933e-05 -1.325417213531334933e-04 -3.703137907257079368e-04 7.742922100136885068e-04 -4.828358406848221041e-02 1.111757028901599442e+00 -2.818381489332673695e+01 5.974577114435201111e+02 -2.845861388837712980e+01 1.124964905050406694e+00 -4.940034520950022101e-02 6.377221439193461305e-04 -4.465788535999644132e-04
-2.914069042316715505e-08 -9.431350073241081377e-08 -1.619554541206110885e-07 -2.391218177820946502e-07 -3.288116144063300387e-07 -4.182769559059986987e-07 -5.398557934653744633e-07 -7.043894405814181354e-07 -9.313885912202058039e-07 -1.227679063724151636e-06 -1.655551832775731672e-06 -2.227566457277558979e-06 -3.084233774368936591e-06 -4.310694658610825923e-06 -6.172952048310932806e-06 -9.193132716116579479e-06 -1.378345113791239375e-05 -2.266024553374296500e-05 -3.673933879865392833e-05 -6.974419908181360395e-05 -1.332661434449358554e-04 -3.716778099068244936e-04 7.716485580706313688e-04 -4.830658234266990009e-02 1.112026386330989824e+00 -2.818914083826971861e+01 5.974579575635481206e+02 -2.845356824964839859e+01 1.124734058979719453e+00 -4.938011135838857313e-02 6.192057740239423303e-04
-2.432565700671786671e-08 -7.839314707192586538e-08 -1.347623458872153499e-07 -1.971005099459468656e-07 -2.525430529942662427e-07 -3.248461647997474474e-07 -4.238917825001649332e-07 -5.538938363948316869e-07 -7.226104719543594841e-07 -9.540341130107772944e-07 -1.254835572030024046e-06 -1.688651182094539223e-06 -2.267335191069334886e-06 -3.133419389295560146e-06 -4.371606488193849022e-06 -6.250106426053544241e-06 -9.294119627741506012e-06 -1.391557001057201201e-05 -2.284865615947469439e-05 -3.700022128296653082e-05 -7.016407188322288594e-05 -1.339363228748380037e-04 -3.729398597053079482e-04 7.691988204803770161e-04 -4.832783117656912208e-02 1.112275390613414405e+00 -2.819407446107746296e+01 5.974581773240912526e+02 -2.844888485314352167e+01 1.124518301708312684e+00 -4.933271021050097960e-02
-2.039910568406545589e-08 -6.587052003161220981e-08 -1.122363199994850795e-07 -1.487246658918049705e-07 -1.941543871138089419e-07 -2.565301891765576971e-07 -3.352083524246228039e-07 -4.370844779333031815e-07 -5.698406640671412833e-07 -7.413950048110008974e-07 -9.762997286665663772e-07 -1.280941828329239584e-06 -1.720044734100634829e-06 -2.304780992629586058e-06 -3.179501995813815220e-06 -4.428516606620403700e-06 -6.322061551937421495e-06 -9.388188303479489031e-06 -1.403859394251331381e-05 -2.302398597629769065e-05 -3.724306854026545916e-05 -7.055475059356411188e-05 -1.345601089467683134e-04 -3.741142011369567432e-04 7.669163282181918565e-04 -4.834753480161293332e-02 1.112506233637079456e+00 -2.819865751401281884e+01 5.974583703596339319e+02 -2.844443423283417616e+01 1.121988818015169809e+00
-1.726893296172013842e-08 -5.527606769490223298e-08 -8.129138554463306966e-08 -1.114385493411653775e-07 -1.521612312575609604e-07 -2.021750374494849395e-07 -2.663045472951770318e-07 -3.465899527540343610e-07 -4.501623206216393865e-07 -5.848313496748813355e-07 -7.585406922816441034e-07 -9.962277978893973235e-07 -1.303969182462184739e-06 -1.747409560288534726e-06 -2.337081617435818518e-06 -3.218872528503161799e-06 -4.476709843659676964e-06 -6.382420620513040999e-06 -9.466518854292135641e-06 -1.413998909101888593e-05 -2.316777323377258735e-05 -3.744026368276085479e-05 -7.087144482996236784e-05 -1.350651256414814804e-04 -3.750657264394358960e-04 7.650582564944139168e-04 -4.836511323882831948e-02 1.112719492121834630e+00 -2.820283518253434707e+01 5.974564573323419836e+02 -2.838737896697062979e+01
-1.485733894426986345e-08 -3.772749651198337750e-08 -5.977792162839128293e-08 -8.841177680467734852e-08 -1.230299160507305471e-07 -1.665044467721106032e-07 -2.196605493888950368e-07 -2.875307486436668429e-07 -3.723591288662169138e-07 -4.815436949845471206e-07 -6.232963992286191586e-07 -8.059621172854983859e-07 -1.055227803455627735e-06 -1.378136025168224460e-06 -1.841540486956149188e-06 -2.458625163230782137e-06 -3.377411711932108379e-06 -4.688623365339619809e-06 -6.670130084725562665e-06 -9.868202693601497733e-06 -1.471979861612820536e-05 -2.402484021657023117e-05 -3.880078546609388090e-05 -7.306593336709553258e-05 -1.390985790571805576e-04 -3.827292412817077764e-04 7.448089415979057808e-04 -4.834678987812603829e-02 1.110616830398539312e+00 -2.815393071046147355e+01 5.961159136800296210e+02
