3.881759188540415266e+02 -1.358746838567522275e+01 4.407156648306432833e-01 -2.110273373259651669e-02 5.269347979443749158e-04 -2.257899557068799231e-05 -1.108711660120935233e-05 -6.407573212418616481e-06 -1.232730001784463211e-06 -4.461053615387637459e-07 -4.492790555317955244e-07 -2.220639796019024319e-07 -7.642868518586161845e-08 -5.951721583708039141e-08 -4.836627677800919828e-08 -2.424186737662086863e-08 -1.367516376015958129e-08 -1.241479561893759870e-08 -8.912195392684159971e-09 -5.032459906713931569e-09 -3.873794232089984049e-09 -3.410282010875827098e-09 -2.323740351397781989e-09 -1.562221903520516457e-09 -1.373720583251904021e-09 -1.132587100005676962e-09 -7.853437768931169445e-10 -6.182685761474599173e-10 -5.562744783703185195e-10 -4.368704430158696054e-10 -3.243630493365629382e-10 -2.821769452142221388e-10 -2.474642602458901851e-10 -1.918564666024219004e-10 -1.552321526087276329e-10 -1.404748142718388535e-10 -1.190702778305655201e-10 -9.449076595890401703e-11 -8.214576566079033721e-11 -7.420626864739536117e-11 -6.164715307191019008e-11 -5.123941271820991833e-11 -4.642419570806126440e-11 -4.112597130900933644e-11 -3.425658411167681976e-11 -2.992479376508605045e-11 -2.742452394315065353e-11 -2.384875455388104776e-11 -2.032558174023631842e-11 -1.842534485379919279e-11 -1.675628074076185850e-11 -1.448038810812882583e-11 -1.275250721672736040e-11 -1.176677054708474114e-11 -1.055572348086303777e-11 -9.204376926462507270e-12 -8.355944738747442834e-12 -7.717582606865486604e-12 -6.861005225834355974e-12 -6.107134555509615649e-12 -5.627144441853122720e-12 -5.610449670304144134e-12
-6.391903255224159608e+01 5.223808726079895450e+02 -2.156712954042883368e+01 6.154023790592043630e-01 -4.268346652912953509e-02 1.455737935727196056e-04 -9.068402541289920314e-05 -5.577733048249915296e-05 -3.057936679144852528e-05 -8.611939688807675192e-06 -3.413795189776077051e-06 -2.493174031344621749e-06 -1.387416575848244557e-06 -6.476063316446934440e-07 -4.194841434087274259e-07 -3.072970040330334280e-07 -1.876648620193732671e-07 -1.164302934643347747e-07 -8.795214901162023676e-08 -6.499255199439851272e-08 -4.369986646321936743e-08 -3.180483704748868735e-08 -2.532667811934244803e-08 -1.905592772319335407e-08 -1.395786387376826108e-08 -1.108162199310275118e-08 -8.998999491643331649e-09 -6.954667661619061140e-09 -5.457275955333481039e-09 -4.532976069872214103e-09 -3.719089423141664358e-09 -2.968289818166762951e-09 -2.450311349530173826e-09 -2.080512221898470753e-09 -1.724844351136938817e-09 -1.423335429360472836e-09 -1.215463084593990235e-09 -1.042956945564958592e-09 -8.766868852204617058e-10 -7.457654690417723515e-10 -6.499627908329210572e-10 -5.613940527128976486e-10 -4.800385024812046234e-10 -4.184748166088013555e-10 -3.687857133387823930e-10 -3.207590931495950442e-10 -2.793878491594433507e-10 -2.478383542807909700e-10 -2.197386434725273455e-10 -1.928865552583978341e-10 -1.709464568645573222e-10 -1.533118171985604865e-10 -1.365507864052889649e-10 -1.212255944522136767e-10 -1.089731991485011678e-10 -9.834912606529239125e-11 -8.806604784775539767e-11 -7.913203743862465168e-11 -7.186906248591151610e-11 -6.506379755291310645e-11 -5.969803979685307924e-11 -4.846379245178522704e-11
-9.579836027471857918e+00 -3.440815187931118402e+01 5.244515859937484947e+02 -2.303348795267547189e+01 6.006717479708522101e-01 -5.322974408225891740e-02 -4.301413771518425126e-04 -1.239240398366356192e-04 -9.845811543524079145e-05 -5.474346189066850877e-05 -1.503099490051285842e-05 -6.292302137179274847e-06 -4.911925225239583118e-06 -2.663715747448719578e-06 -1.224837458334233316e-06 -8.627817319340829796e-07 -6.418551161481972780e-07 -3.762010638904119249e-07 -2.403715621482556236e-07 -1.926729977054094983e-07 -1.395234570752906558e-07 -9.172142188403745736e-08 -7.024931541020900410e-08 -5.722421626128721731e-08 -4.169789573295567837e-08 -3.076054063352420327e-08 -2.554850073007662853e-08 -2.061610484103863820e-08 -1.556450945963530488e-08 -1.255668468719948586e-08 -1.069272544074973635e-08 -8.594036830956937512e-09 -6.827691273824600769e-09 -5.819359036150799719e-09 -4.958436043683263867e-09 -4.029083740628627922e-09 -3.367344632787073635e-09 -2.943037267271711676e-09 -2.498056653255461658e-09 -2.079629075825724256e-09 -1.806888799797236714e-09 -1.589015650572864159e-09 -1.351766651248569106e-09 -1.159781252104482398e-09 -1.030991237363133202e-09 -9.053824322083194278e-10 -7.789519356129530555e-10 -6.871212704855110474e-10 -6.164619376570167231e-10 -5.410657730113285309e-10 -4.739593223332852798e-10 -4.264434602596425691e-10 -3.830466106167388136e-10 -3.378049435532970562e-10 -3.017792914977650859e-10 -2.743951013566381841e-10 -2.462838287967312811e-10 -2.194872347026821520e-10 -1.992402803860354548e-10 -1.837795624954506362e-10 -1.499392134173479351e-10 -1.114745849633660652e-10
-2.596133902506974955e+00 -6.801451031099994271e-01 -3.131618261748818455e+01 5.251295820044815628e+02 -2.383021455378741393e+01 5.820971981388786132e-01 -6.093634221537159307e-02 -9.424139443848004137e-04 -1.567904435926647654e-04 -1.336026004791891037e-04 -7.595254920887256058e-05 -2.156395953589736617e-05 -8.984610751582292859e-06 -7.010636434628689959e-06 -3.936008726605503814e-06 -1.854063663978155097e-06 -1.275989534219972216e-06 -9.622379928412462705e-07 -5.868222927718546563e-07 -3.737583902484992597e-07 -2.943803646766802384e-07 -2.193584732399191638e-07 -1.480037124824971981e-07 -1.110608081128545631e-07 -9.046965225284332876e-08 -6.812381744564573180e-08 -5.045506142667392170e-08 -4.109795583097999607e-08 -3.369784469955818317e-08 -2.606811438116739268e-08 -2.077813999108742086e-08 -1.756151988867285952e-08 -1.444842380324061985e-08 -1.158345557041478180e-08 -9.715327584651314511e-09 -8.328597876870033794e-09 -6.910089004957251804e-09 -5.748228192191002623e-09 -4.972788743508400459e-09 -4.284436359416090373e-09 -3.607992200915497803e-09 -3.099508951859070495e-09 -2.724926590190645203e-09 -2.356736288795163552e-09 -2.023443306266135102e-09 -1.780659573030760894e-09 -1.576622187784642521e-09 -1.372624896690266603e-09 -1.202764486699523750e-09 -1.074889882282189945e-09 -9.549301510893376985e-10 -8.399759447189816808e-10 -7.494216379029076698e-10 -6.753481275711338437e-10 -6.020631485881787374e-10 -5.364071455789995571e-10 -4.851351319624354009e-10 -4.388067009443184243e-10 -3.965140051197147621e-10 -3.328116215855427356e-10 -2.562218059747142168e-10 -2.130906935175621437e-10
-3.103476291929262998e-01 -4.382420162430902266e-01 -1.635058892985431778e-01 -2.994772289596454229e+01 5.254027681199752351e+02 -2.432998096155576206e+01 5.655598041664817721e-01 -6.686136604790382520e-02 -1.373474180183655285e-03 -1.831306836946419605e-04 -1.658159025048311602e-04 -9.508908991098883462e-05 -2.704486664911464895e-05 -1.148726251305105827e-05 -9.092946243912832096e-06 -5.080337984604807804e-06 -2.407431081075725178e-06 -1.699977277959449971e-06 -1.281066457853215105e-06 -7.756254021978987275e-07 -5.040139389635179929e-07 -4.028925310974364756e-07 -2.971705475304670151e-07 -2.009973965904279062e-07 -1.543474473907153139e-07 -1.258315001124867405e-07 -9.381551475122663386e-08 -7.042757844518344891e-08 -5.826184040880144451e-08 -4.738149463073758296e-08 -3.656909302072520344e-08 -2.967483084647835717e-08 -2.519110850614129680e-08 -2.052466213558259678e-08 -1.656880477863450875e-08 -1.410080971715653544e-08 -1.203570310260860740e-08 -9.934391328881890028e-09 -8.368090711899115550e-09 -7.289558743327444416e-09 -6.231461987167797151e-09 -5.257958862941788228e-09 -4.573701774178842691e-09 -4.018113497876807458e-09 -3.454027556552830884e-09 -2.988665613665976242e-09 -2.651282785161977130e-09 -2.335177464921573324e-09 -2.030576131178893838e-09 -1.796826385710940244e-09 -1.609092043430167311e-09 -1.421386109265535612e-09 -1.255241958160824441e-09 -1.128847158509713616e-09 -1.014575668619879516e-09 -9.018891132796312737e-10 -8.090081965161024366e-10 -7.389169412035385732e-10 -6.285244439433624502e-10 -4.934975388848706853e-10 -4.083019216961995534e-10 -3.552678484807334386e-10
-1.885770641027586028e-02 -5.172454817780187952e-02 -2.900588789427223646e-01 3.731016290740891972e-02 -2.919118979958136606e+01 5.255403087138454339e+02 -2.467351357106367971e+01 5.517186622297017840e-01 -7.153985997220328741e-02 -1.741523229334237177e-03 -2.062363050808822373e-04 -1.933972058143082148e-04 -1.122717357088161169e-04 -3.221385131664825720e-05 -1.368476348583269801e-05 -1.095298057589020997e-05 -6.194021954763441939e-06 -2.938567913709403310e-06 -2.073795745827883304e-06 -1.583529185058244157e-06 -9.680734453520876827e-07 -6.259113206742675495e-07 -5.022112852756222954e-07 -3.758442928658424396e-07 -2.549291426177404715e-07 -1.945969718925082994e-07 -1.601458124321349443e-07 -1.208016468204890109e-07 -9.031676702711237572e-08 -7.460166650378463899e-08 -6.143524287761332308e-08 -4.766366417106709955e-08 -3.842432124117127748e-08 -3.277062799927823856e-08 -2.700610519690112421e-08 -2.176823789401268624e-08 -1.844989688279902897e-08 -1.589047643060591262e-08 -1.320480910232198877e-08 -1.106507405172073562e-08 -9.647857619051488910e-09 -8.328787035476889338e-09 -7.034594513928170128e-09 -6.089824317309930251e-09 -5.379639055836863458e-09 -4.657925712046093677e-09 -4.017521099480926317e-09 -3.558835606698639636e-09 -3.158591861652054592e-09 -2.754425033490897769e-09 -2.426828505835113112e-09 -2.178938902220824420e-09 -1.937975148212664597e-09 -1.709451695361690853e-09 -1.533328069603968467e-09 -1.385289044209958418e-09 -1.242305766950891494e-09 -1.060220790272381982e-09 -8.658190954572376445e-10 -7.297850630147363980e-10 -6.100940373353141863e-10 -5.378174516811903357e-10
-6.117044933535280976e-02 -5.236890808839735761e-03 -2.973549337727604547e-02 -2.320533646910933334e-01 1.386150437614809272e-01 -2.871022958880007536e+01 5.256192083586151966e+02 -2.492432517177455864e+01 5.402077281447419388e-01 -7.532598492147439539e-02 -2.054051859560694637e-03 -2.265478807304266429e-04 -2.180548122877503509e-04 -1.275152638704811037e-04 -3.678957369042858697e-05 -1.576216284546379739e-05 -1.269322327961147661e-05 -7.190682576015088978e-06 -3.431548176002970486e-06 -2.442678770260626735e-06 -1.865407610094190949e-06 -1.142223607728428458e-06 -7.460159212041480488e-07 -6.005556928661338733e-07 -4.482979465753685943e-07 -3.059471092107012504e-07 -2.356719525893459955e-07 -1.935421405086548573e-07 -1.459152626917590140e-07 -1.101579917746823641e-07 -9.135153545483356176e-08 -7.491588768033503120e-08 -5.835503340646736405e-08 -4.747550380261413399e-08 -4.043787407435800561e-08 -3.324239151738613032e-08 -2.700105599258886805e-08 -2.300382638665425440e-08 -1.973405923317148003e-08 -1.642221375776528461e-08 -1.387550715072623864e-08 -1.210334863650848937e-08 -1.041282026499057745e-08 -8.840115434016092551e-09 -7.697772461081563240e-09 -6.781023041074259995e-09 -5.867918900204491248e-09 -5.095568617258686297e-09 -4.522863630887551637e-09 -4.000445710277648024e-09 -3.498339939901957467e-09 -3.100246772480820748e-09 -2.779951317185467702e-09 -2.468177529649462786e-09 -2.187777185234163912e-09 -1.976247720823915578e-09 -1.714168287409480962e-09 -1.402554144020964990e-09 -1.188495041718851960e-09 -1.024475324091593065e-09 -8.764260792037958056e-10 -7.739164612686750295e-10
-4.250222203734706217e-02 -6.431151153611210959e-03 -3.181718920230825181e-03 -2.162566526139072381e-02 -2.021640678034829774e-01 1.992152216433105971e-01 -2.837718925854262153e+01 5.256686273672918333e+02 -2.511555943002036173e+01 5.305815843583822078e-01 -7.845035966102259506e-02 -2.322965078286404021e-03 -2.442282823878864917e-04 -2.397398924456661850e-04 -1.412832701179196995e-04 -4.097263209655820749e-05 -1.760871641998193736e-05 -1.429677857114714185e-05 -8.141856203482525421e-06 -3.885301006320503224e-06 -2.776961190289744436e-06 -2.137123971396859573e-06 -1.311433755258893080e-06 -8.554631494617212063e-07 -6.929668856594452393e-07 -5.205129351118782816e-07 -3.548463037905411045e-07 -2.734910672844568001e-07 -2.262921023240891771e-07 -1.711519013220588220e-07 -1.288751360525383679e-07 -1.072633661647496188e-07 -8.856751074251473156e-08 -6.896797705402329337e-08 -5.602712131549512110e-08 -4.800883866845142722e-08 -3.963478013226490268e-08 -3.211367347046742773e-08 -2.739587768725104407e-08 -2.365280255268065996e-08 -1.970176556944315546e-08 -1.660743621386275413e-08 -1.454509416429672827e-08 -1.257375088765459799e-08 -1.065737666644642931e-08 -9.276984394814556225e-09 -8.215819417644924739e-09 -7.124211381048881245e-09 -6.171814283277871560e-09 -5.490219086862838500e-09 -4.879231952487624629e-09 -4.264632657074176815e-09 -3.774456457671840775e-09 -3.397590402488588768e-09 -3.034849598221303185e-09 -2.601184589588220683e-09 -2.179237067203697318e-09 -1.882310107564884254e-09 -1.608968124605457078e-09 -1.381260444745695586e-09 -1.200431974040569512e-09 -1.080785061456060663e-09
-1.151831142554007176e-02 -4.984240786759341728e-03 -3.952478869714864951e-03 -2.194905577964323569e-03 -1.749141767201881081e-02 -1.839738490767522938e-01 2.393355156699519815e-01 -2.813284008180587747e+01 5.257016260107155858e+02 -2.526621835854791698e+01 5.224503452008297799e-01 -8.107087209198519939e-02 -2.555615052567325289e-03 -2.600050759883666966e-04 -2.590811720556876582e-04 -1.535925731207198302e-04 -4.477100687848565078e-05 -1.933649618462716097e-05 -1.577082881195897117e-05 -9.010105302692880889e-06 -4.316241342360760339e-06 -3.096573265133972692e-06 -2.387440605444567804e-06 -1.469518132040996599e-06 -9.629383939917717793e-07 -7.809520065314628678e-07 -5.872420179309590038e-07 -4.022182726185761866e-07 -3.109574587439900825e-07 -2.571177969385631830e-07 -1.949562741523955773e-07 -1.475700868046975373e-07 -1.228706684116863373e-07 -1.013973563415669746e-07 -7.931514265754977587e-08 -6.466770698587707855e-08 -5.532909465626150236e-08 -4.573414105230111446e-08 -3.725135681929604094e-08 -3.180860581583900051e-08 -2.741876644146333863e-08 -2.291663734032227010e-08 -1.939763112220672160e-08 -1.696764795113803798e-08 -1.466676446094790260e-08 -1.248908669554192138e-08 -1.089110720149133465e-08 -9.626982075560738729e-09 -8.364917094585226912e-09 -7.277352870635617231e-09 -6.470661683693608458e-09 -5.744963675038963427e-09 -5.039013298085181697e-09 -4.483004080287000556e-09 -3.925039805514544167e-09 -3.295018036075458559e-09 -2.811960852999273499e-09 -2.445979994945870897e-09 -2.136505095719799609e-09 -1.839389226529067511e-09 -1.586167406292111779e-09 -1.449275909899900561e-09
-7.044378677957358233e-03 -1.976418843923302086e-03 -2.862048793239653065e-03 -2.710336424900347367e-03 -1.708620963932226894e-03 -1.503423260599904068e-02 -1.717758739805558543e-01 2.677904815253667192e-01 -2.794587823298968132e+01 5.257247491316132937e+02 -2.538799002315190378e+01 5.155111287822706778e-01 -8.329993209135637400e-02 -2.758771026740475859e-03 -2.739347113339857839e-04 -2.763680137257424198e-04 -1.647499787793145465e-04 -4.822389837092193337e-05 -2.090377358257347325e-05 -1.714442430850686219e-05 -9.825765463131107768e-06 -4.711180928024034721e-06 -3.394149912232302638e-06 -2.628358502302601386e-06 -1.619002427663362423e-06 -1.061913856297264541e-06 -8.654405933724187674e-07 -6.524426456558309267e-07 -4.465860699237622854e-07 -3.461558250228799679e-07 -2.875136819558084655e-07 -2.181059852821039587e-07 -1.650355340683662261e-07 -1.379734174787426691e-07 -1.142027839312512368e-07 -8.924366887885838548e-08 -7.285297152536467933e-08 -6.260654422695776621e-08 -5.179888891518416951e-08 -4.214594072136944181e-08 -3.609544489504888512e-08 -3.121985137757856796e-08 -2.607474670345995477e-08 -2.207365502831260123e-08 -1.938296912205436956e-08 -1.678150337105330566e-08 -1.427146972193787048e-08 -1.246803118361964299e-08 -1.105926312181699896e-08 -9.608097787580733923e-09 -8.353890092146586396e-09 -7.449878151718198633e-09 -6.642947992014293607e-09 -5.694940015219582070e-09 -4.811094790347313924e-09 -4.204039359492278954e-09 -3.639539472422829326e-09 -3.133600704563391896e-09 -2.743119216811027426e-09 -2.407713395815309411e-09 -2.078503149208398059e-09 -1.882801618445648976e-09
-9.124121859205613569e-03 -1.035424419310866911e-03 -1.087194495902603798e-03 -1.971096504964272526e-03 -2.131187224082530841e-03 -1.433312619462853580e-03 -1.340271769322857499e-02 -1.630387507340932407e-01 2.889838482805557884e-01 -2.779819299068946492e+01 5.257415798435274610e+02 -2.548846338796272093e+01 5.095296663368976686e-01 -8.521843409818580239e-02 -2.937455836932698332e-03 -2.864477031196355434e-04 -2.918865564059933181e-04 -1.748328970967239827e-04 -5.139326825625502613e-05 -2.235781726885665440e-05 -1.840754453300467395e-05 -1.058239272159470168e-05 -5.086769390213044322e-06 -3.673810220458928907e-06 -2.852030078061169352e-06 -1.761358044138934410e-06 -1.157679548468406337e-06 -9.447266253821185350e-07 -7.137788816994656138e-07 -4.899301601649018483e-07 -3.801550789694120790e-07 -3.160111928059888192e-07 -2.403869946085595016e-07 -1.823165537315049560e-07 -1.524167962111360733e-07 -1.263250928280132765e-07 -9.903475346709285494e-08 -8.092874351788018282e-08 -6.952405319094486522e-08 -5.765864806954193500e-08 -4.704423320890562746e-08 -4.027876702881250207e-08 -3.485083289988741099e-08 -2.919837577215501789e-08 -2.475465495028725403e-08 -2.171897845321732697e-08 -1.883378288265775517e-08 -1.606471094261326217e-08 -1.403501301053908547e-08 -1.244460434475769030e-08 -1.083926063264304572e-08 -9.459889809909505898e-09 -8.279374441179032276e-09 -7.078847875194604122e-09 -6.051927690360058956e-09 -5.247004246327265437e-09 -4.622138288729733845e-09 -4.022049240570353965e-09 -3.475657223079468923e-09 -3.052887052287435719e-09 -2.684960881297806668e-09 -2.431805914552984775e-09
-5.466461391308804520e-03 -1.004918435435336920e-03 -6.275083421340380430e-04 -7.495209476272914626e-04 -1.536386074037559115e-03 -1.785375648944966193e-03 -1.257889834454967897e-03 -1.224895669938941105e-02 -1.564767713858362108e-01 3.053646085080894412e-01 -2.767857561057994786e+01 5.257542105714825311e+02 -2.557278042149850350e+01 5.043263392783009502e-01 -8.688694671438339234e-02 -3.095712721413491041e-03 -2.976570372601737872e-04 -3.059094490209302345e-04 -1.840159061824762985e-04 -5.428711851977776324e-05 -2.369652724914058555e-05 -1.958771243434276595e-05 -1.128827255085179723e-05 -5.434102373594570774e-06 -3.938028641292030126e-06 -3.065578148645491474e-06 -1.894752238734626819e-06 -1.247481843011649892e-06 -1.021376246011348222e-06 -7.726731712917286403e-07 -5.305063742495025338e-07 -4.127325779879475138e-07 -3.439341444844284996e-07 -2.616459887039063179e-07 -1.986299295559974092e-07 -1.665631020349196017e-07 -1.382067426694210489e-07 -1.083177819308243487e-07 -8.869830944158160896e-08 -7.639282629307089042e-08 -6.335157570467211050e-08 -5.170489511373649551e-08 -4.439186786440174696e-08 -3.846297785787989334e-08 -3.220623141986960787e-08 -2.734303991786048036e-08 -2.405254968527734723e-08 -2.086080067762454439e-08 -1.778997463398151692e-08 -1.557722661088582976e-08 -1.385574830479265565e-08 -1.188571569932111142e-08 -1.001355693236766727e-08 -8.754522094136394080e-09 -7.648970290744366758e-09 -6.579403199542331754e-09 -5.729349928041612438e-09 -5.064869237474300812e-09 -4.418910030118332658e-09 -3.827331813369783946e-09 -3.366233271683943018e-09 -3.105150205687222230e-09
-2.385193625854293599e-03 -7.235531749264254931e-04 -6.087340431045495416e-04 -4.163935920835682455e-04 -5.704199028733025582e-04 -1.282048108725376183e-03 -1.564180372851097737e-03 -1.135957630317019655e-03 -1.138965130842229181e-02 -1.513709354510084926e-01 3.183948724419105591e-01 -2.757971347504024706e+01 5.257639312730372012e+02 -2.564455063382274602e+01 4.997620294858891032e-01 -8.835106026668251844e-02 -3.236812316797754632e-03 -3.077936477690407170e-04 -3.186070755337678737e-04 -1.923928163566163911e-04 -5.695755681735434047e-05 -2.493571763910859058e-05 -2.067971482789093390e-05 -1.194914298388749850e-05 -5.762828405149062266e-06 -4.185184146281425906e-06 -3.266060740005692322e-06 -2.022552692433909819e-06 -1.333211844231602290e-06 -1.093365007192953678e-06 -8.289156559931985955e-07 -5.699778281915348835e-07 -4.437464323629301795e-07 -3.703577524652543799e-07 -2.823410345685189497e-07 -2.145328895310662855e-07 -1.799810112728603504e-07 -1.496199027689231961e-07 -1.174781217441083364e-07 -9.621854096353374812e-08 -8.292978443712045746e-08 -6.892293559514029452e-08 -5.631584585516809625e-08 -4.834295680291616003e-08 -4.194303909036860474e-08 -3.519383485096090774e-08 -2.988725478812736752e-08 -2.629252017926719623e-08 -2.284709471410922115e-08 -1.953589521600483317e-08 -1.689542250567938975e-08 -1.461478915567383229e-08 -1.251674479710776321e-08 -1.073059352896115966e-08 -9.434761495310964426e-09 -8.274725083226833251e-09 -7.135995270043793412e-09 -6.228222982395409034e-09 -5.517731316453173009e-09 -4.822987601450392310e-09 -4.180176328085408914e-09 -3.857897925829087104e-09
-2.581005096135530457e-03 -4.158138979609317517e-04 -4.077698440136912853e-04 -3.985268339175847925e-04 -3.148607801470658493e-04 -4.701966681917778236e-04 -1.115174414044365226e-03 -1.408899837440008313e-03 -1.047683054476639770e-03 -1.072628854899947831e-02 -1.472857148666198712e-01 3.290018682702052777e-01 -2.749663323164304529e+01 5.257715720027251791e+02 -2.570638194911480667e+01 4.957279271248343777e-01 -8.964609991861308136e-02 -3.363317164024865087e-03 -3.169803892835784806e-04 -3.301774292550050424e-04 -2.000655322885048614e-04 -5.941327248493991406e-05 -2.608698948580344054e-05 -2.170065805849892668e-05 -1.256553501680733863e-05 -6.070070345141890743e-06 -4.419901306039006818e-06 -3.456215080307123673e-06 -2.142527025088611839e-06 -1.414722262781154382e-06 -1.162785251049973544e-06 -8.824058138668230551e-07 -6.072765888795773096e-07 -4.737719644954417641e-07 -3.959723710110520755e-07 -3.019771875116161800e-07 -2.297669697518539084e-07 -1.931395199456072765e-07 -1.606422880858441448e-07 -1.261877052096741189e-07 -1.035488622961735258e-07 -8.936301516206153567e-08 -7.426928293962669013e-08 -6.074707965176809957e-08 -5.224810286605690209e-08 -4.535150900908677131e-08 -3.805652952095838286e-08 -3.237128268361530067e-08 -2.854477986961735119e-08 -2.456423756227405293e-08 -2.051959272064273421e-08 -1.773073667089277705e-08 -1.556864566619851153e-08 -1.339048953484206169e-08 -1.151305773922617400e-08 -1.014868703729788144e-08 -8.919087404714372032e-09 -7.703555737541257604e-09 -6.733829592647056266e-09 -5.975659263853621509e-09 -5.225792003354149370e-09 -4.750752833334408839e-09
-2.521709097371441655e-03 -3.324671146820480107e-04 -2.368463535747247306e-04 -2.729893589944862222e-04 -3.020232728391545403e-04 -2.541879896739512000e-04 -4.038848551575381770e-04 -9.993322630971307984e-04 -1.295057084668111780e-03 -9.802540302992161086e-04 -1.019898807689623155e-02 -1.439440051179847191e-01 3.378007917186737208e-01 -2.742583327280505401e+01 5.257776865401106079e+02 -2.576020620053513710e+01 4.921381350314177894e-01 -9.079964853621748377e-02 -3.477375808877120229e-03 -3.253468667676042087e-04 -3.407426828700019163e-04 -2.071182056768708032e-04 -6.168801696901005560e-05 -2.715501235515986399e-05 -2.265179194491153886e-05 -1.314523677740430561e-05 -6.359756074025174857e-06 -4.640015485902354992e-06 -3.636263933531985982e-06 -2.257357508141080324e-06 -1.492000217261160493e-06 -1.228452238487451934e-06 -9.338807726608980823e-07 -6.432578038258731927e-07 -5.022519045612670718e-07 -4.204905858988888136e-07 -3.211217094880940654e-07 -2.444371122792141305e-07 -2.056615531917633081e-07 -1.713494760800024347e-07 -1.347207834162386733e-07 -1.105738229554872551e-07 -9.554363790494791698e-08 -7.952952260597348294e-08 -6.507301464608290471e-08 -5.598776933920008167e-08 -4.867147050332031518e-08 -4.091931302046128639e-08 -3.453504078467367764e-08 -2.991174848229176146e-08 -2.572295391937418954e-08 -2.173203882901461211e-08 -1.884925602283933463e-08 -1.659760558262080709e-08 -1.430226939290231171e-08 -1.231600586605609875e-08 -1.087403840097141705e-08 -9.569881345141983213e-09 -8.274818760407185062e-09 -7.242514730121508927e-09 -6.429713823993798993e-09 -5.893035112371451215e-09
-1.465006954571490463e-03 -3.034946169528784520e-04 -2.063129990043378577e-04 -1.595376331547457152e-04 -2.034806840144713354e-04 -2.436355101497915453e-04 -2.163835635111034260e-04 -3.581965168816628750e-04 -9.135620129972757061e-04 -1.207984467175305006e-03 -9.275787745762816700e-04 -9.770013086210688896e-03 -1.411600113531739087e-01 3.452155114472028608e-01 -2.736477718045508922e+01 5.257826559757511404e+02 -2.580748473871515358e+01 4.889239591875980673e-01 -9.183364260282747549e-02 -3.580694331711411528e-03 -3.329981157329068046e-04 -3.504374238456107820e-04 -2.136163972856458104e-04 -6.379442950353018699e-05 -2.815254296877421123e-05 -2.354204744294196249e-05 -1.368769758950848646e-05 -6.632693396915236265e-06 -4.849158970288505472e-06 -3.806581507878526953e-06 -2.365817451275610290e-06 -1.565997973916851199e-06 -1.291452896114353958e-06 -9.827437246422241194e-07 -6.776137564194950891e-07 -5.298718763291918856e-07 -4.440547237071680505e-07 -3.393476880258208552e-07 -2.586400109902186012e-07 -2.178741531075384643e-07 -1.816137281255310969e-07 -1.429089413741435026e-07 -1.174583497845714150e-07 -1.015614614874692711e-07 -8.456798583417155115e-08 -6.927624251001123853e-08 -5.970797641741438209e-08 -5.160823004763435544e-08 -4.275981301824737636e-08 -3.605667823331322004e-08 -3.154194577320368066e-08 -2.720707849709601065e-08 -2.302940454843996353e-08 -2.000961044405977208e-08 -1.764782717970683241e-08 -1.522522976988634039e-08 -1.312468589793716957e-08 -1.160187461294582987e-08 -1.022141541896204955e-08 -8.847196147087239216e-09 -7.744480930412482221e-09 -7.208174462249467169e-09
-1.024084711460324223e-03 -2.229788077524932617e-04 -1.821939556696974935e-04 -1.336885333907295590e-04 -1.178081612458062657e-04 -1.644298915391013407e-04 -2.065285474862869495e-04 -1.896325675729669676e-04 -3.247094479476786357e-04 -8.481960788250065891e-04 -1.139293657325227875e-03 -8.850989423263637109e-04 -9.414431452946098178e-03 -1.388052438384155818e-01 3.515475603259609061e-01 -2.731158219441988066e+01 5.257867493724621681e+02 -2.584934360230696626e+01 4.860300256333792701e-01 -9.276571469470916431e-02 -3.674718981131203620e-03 -3.400150268399197619e-04 -3.593560719158197278e-04 -2.196266472650620243e-04 -6.575275400062631568e-05 -2.908195269350623581e-05 -2.437614193679545196e-05 -1.419900477601663264e-05 -6.889820754379720832e-06 -5.046309929555497113e-06 -3.968633112217877462e-06 -2.469335406920373420e-06 -1.636101743462386567e-06 -1.351502071366778071e-06 -1.029842318870367282e-06 -7.105389397761870299e-07 -5.561576407471323336e-07 -4.667924856905706369e-07 -3.570452820146974204e-07 -2.722371680901411984e-07 -2.295891176173284972e-07 -1.916299110977639314e-07 -1.508601998543108358e-07 -1.240498407985371125e-07 -1.073987293444124148e-07 -8.955402555828535182e-08 -7.302488148582491757e-08 -6.225069783498195017e-08 -5.380484729633925298e-08 -4.489880148074614552e-08 -3.794846031116338095e-08 -3.326477871717184701e-08 -2.873488802486015520e-08 -2.434809011024642983e-08 -2.117985091839557255e-08 -1.870162385342087260e-08 -1.614863395201413797e-08 -1.393218349219620196e-08 -1.232760290847607218e-08 -1.087197052022269179e-08 -9.409671342694186820e-09 -8.639864286901875940e-09
-1.155541873398539636e-03 -1.616326032357647934e-04 -1.267715649099285919e-04 -1.186619781730964578e-04 -1.000412845639067535e-04 -9.412554063896833793e-05 -1.382687671630546383e-04 -1.807755568444644628e-04 -1.705232794066594102e-04 -2.991551476103437661e-04 -7.965054315084861471e-04 -1.083857330584084983e-03 -8.502589146448252680e-04 -9.114912857132341853e-03 -1.367876793819598480e-01 3.570169876189658864e-01 -2.726482145808907376e+01 5.257901612214089937e+02 -2.588666447249154956e+01 4.834111634671670599e-01 -9.361019132923148467e-02 -3.760629746510011934e-03 -3.464782017421671871e-04 -3.675900444046673304e-04 -2.251960061101227059e-04 -6.757686924743560534e-05 -2.995300528165955933e-05 -2.515854751882198658e-05 -1.467959467098168531e-05 -7.133276179116504349e-06 -5.233509973297735917e-06 -4.122039056420287472e-06 -2.567723259326589841e-06 -1.703362568689411153e-06 -1.408896520635973564e-06 -1.074678700836917344e-06 -7.422041235256220498e-07 -5.815768352914297363e-07 -4.885615923617532464e-07 -3.740088459470573650e-07 -2.854587781535154348e-07 -2.409364925082274634e-07 -2.012283218732024869e-07 -1.585575157503253928e-07 -1.305439104921891920e-07 -1.126834987883256600e-07 -9.318251703513463836e-08 -7.592465930899954525e-08 -6.512474522444958022e-08 -5.641334912058772548e-08 -4.713629679929793012e-08 -3.988455768831380648e-08 -3.500586810210280088e-08 -3.026879691534616677e-08 -2.566722904066242645e-08 -2.234726456784113668e-08 -1.975076540723089260e-08 -1.706692310476489471e-08 -1.473471948193421910e-08 -1.305028114666564539e-08 -1.150907800453182056e-08 -1.044029808990937450e-08
-9.505698721277692663e-04 -1.455589557789945009e-04 -9.705025258900007760e-05 -8.522085256815290378e-05 -8.810397684572645292e-05 -7.897676051574452078e-05 -7.874152128817074831e-05 -1.206100709172300273e-04 -1.619243865910041668e-04 -1.558843443307547595e-04 -2.791631152580237437e-04 -7.547943612074625242e-04 -1.038115592796703913e-03 -8.211337880740120134e-04 -8.859289106479543291e-03 -1.350398555299496817e-01 3.617882457464095536e-01 -2.722339382270734376e+01 5.257930348389780875e+02 -2.592014755874832588e+01 4.810302532036380696e-01 -9.437885212970875681e-02 -3.839428537021074509e-03 -3.524442508200606732e-04 -3.752132718817303460e-04 -2.303741270919886668e-04 -6.927925529327700900e-05 -3.076851436242410734e-05 -2.589474114192806485e-05 -1.513329523242743917e-05 -7.363014213847384734e-06 -5.410885705510881429e-06 -4.268312339028225087e-06 -2.661456176276736367e-06 -1.767275095156524676e-06 -1.463896724581756046e-06 -1.117834070121205801e-06 -7.724703442317264148e-07 -6.059115715464314745e-07 -5.096392921562814719e-07 -3.903968776399119004e-07 -2.981184163632633640e-07 -2.519020276373718251e-07 -2.106348887264836919e-07 -1.655864387256838691e-07 -1.354763234455775745e-07 -1.169818149209071857e-07 -9.716754588170022322e-08 -7.927987758028100008e-08 -6.809795248259011636e-08 -5.905971698920487601e-08 -4.938621382680390264e-08 -4.182129778108331249e-08 -3.674084113929925682e-08 -3.179391284772767814e-08 -2.697720679932340303e-08 -2.350535165299329016e-08 -2.079068626455770125e-08 -1.797693995977091480e-08 -1.553212971856238594e-08 -1.375561966016844648e-08 -1.270830334197859662e-08
-6.107165337509883659e-04 -1.276567686982777730e-04 -9.110549337224811510e-05 -6.429651268563038168e-05 -6.227289863744091172e-05 -6.995648269544865359e-05 -6.601078063980285395e-05 -6.801552317405819878e-05 -1.075158035668854665e-04 -1.477191882433648111e-04 -1.445199267857358186e-04 -2.630089672388873047e-04 -7.203928523364617554e-04 -9.998194727110307906e-04 -7.964464537177451484e-04 -8.638568962087839198e-03 -1.335111515415413341e-01 3.659865416463896626e-01 -2.718643589719419040e+01 5.257954777817531067e+02 -2.595035603945792246e+01 4.788564943145091068e-01 -9.508144603897292213e-02 -3.911955808733704083e-03 -3.579720418885390452e-04 -3.822898395147442466e-04 -2.351974780473861323e-04 -7.087257595568663524e-05 -3.153492508459918790e-05 -2.658735588505299602e-05 -1.556156517489296192e-05 -7.581117542033923282e-06 -5.579297653187707531e-06 -4.407156450760238453e-06 -2.750951595490473861e-06 -1.828561924913826896e-06 -1.516407286914382614e-06 -1.159103367930123155e-06 -8.016729367894120098e-07 -6.293581603139975633e-07 -5.298289792916234670e-07 -4.062021429611739313e-07 -3.104768770527004960e-07 -2.620271726068665319e-07 -2.182142730219106864e-07 -1.714712619348427431e-07 -1.407852963152802095e-07 -1.217639036711812277e-07 -1.012419765951038618e-07 -8.266418125060056022e-08 -7.107157395721408209e-08 -6.169369406010664723e-08 -5.162046061205665333e-08 -4.374150038577301137e-08 -3.845857237082049896e-08 -3.330272466853702115e-08 -2.827278179879035196e-08 -2.465033751829049438e-08 -2.181875319655384557e-08 -1.887932721586384672e-08 -1.630773956040927561e-08 -1.514184869916848226e-08
-5.677049853516399468e-04 -9.858767594869227930e-05 -7.594090091198533435e-05 -5.878673772234487135e-05 -4.745615880203484356e-05 -4.958225324611802604e-05 -5.807973258685229643e-05 -5.676047287868491153e-05 -6.034012575629338088e-05 -9.768422827353113558e-05 -1.365276855754899625e-04 -1.353868737512120427e-04 -2.497838691538541438e-04 -6.915658961174061875e-04 -9.672495404920405503e-04 -7.752656998886563872e-04 -8.446115714370242347e-03 -1.321628382336190732e-01 3.697089410321496294e-01 -2.715326117777194526e+01 5.257975720055867441e+02 -2.597774799937246470e+01 4.768641466097100490e-01 -9.572613265918390735e-02 -3.978926000901767193e-03 -3.631045480491580831e-04 -3.888771596863232300e-04 -2.397024177977080813e-04 -7.236541164970060325e-05 -3.225569496667324797e-05 -2.724116986544468003e-05 -1.596657225624462808e-05 -7.787561884753109697e-06 -5.739505690589088496e-06 -4.539650964437619068e-06 -2.836213907242362591e-06 -1.887045203529956397e-06 -1.566864986088205800e-06 -1.198749392172768756e-06 -8.296095348901696145e-07 -6.519230457431949780e-07 -5.494375343553462859e-07 -4.209219730110874993e-07 -3.207145535848583201e-07 -2.707933798367516414e-07 -2.261503000801584863e-07 -1.778631734499485353e-07 -1.461658995313128686e-07 -1.265468544221938330e-07 -1.052935960339389492e-07 -8.602036254168068154e-08 -7.401362164306301147e-08 -6.429572160248770871e-08 -5.382638484265246841e-08 -4.563663590380712362e-08 -4.015311724117567439e-08 -3.479096677882819277e-08 -2.955082279852451573e-08 -2.578006011025092924e-08 -2.283641216929071711e-08 -1.975466628246793509e-08 -1.789141418292518647e-08
-5.816590840571878550e-04 -8.196450155837198650e-05 -5.770304261811801187e-05 -5.014709667468777223e-05 -4.375713873073639305e-05 -3.727640833039930549e-05 -4.094352304214960103e-05 -5.001253647762996744e-05 -5.016130655564882265e-05 -5.444440100083972755e-05 -8.996687852457834692e-05 -1.276037008613411356e-04 -1.279150116609048375e-04 -2.387065720858018414e-04 -6.670762871486974601e-04 -9.392499376518620435e-04 -7.568865690974652420e-04 -8.276831005540219444e-03 -1.309648156281374154e-01 3.730317908003900063e-01 -2.712331691313934101e+01 5.257993808636316544e+02 -2.600269988225587525e+01 4.750315356719829185e-01 -9.631977488996933123e-02 -4.040951916056930923e-03 -3.678841635456882395e-04 -3.950222167262142591e-04 -2.439182188898864458e-04 -7.376809415524680704e-05 -3.293487682736955484e-05 -2.785830471074823766e-05 -1.635024319653513949e-05 -7.983851763043134679e-06 -5.891776844014144108e-06 -4.665832476001661812e-06 -2.917837868785379936e-06 -1.943071845124877979e-06 -1.615096364385722653e-06 -1.236816949142327294e-06 -8.566419930245637998e-07 -6.730612483063268123e-07 -5.664530502293452277e-07 -4.339953059463789641e-07 -3.312837688766383329e-07 -2.800502554952855173e-07 -2.340982940336192578e-07 -1.842183152018219515e-07 -1.514917159007399077e-07 -1.312664296447332363e-07 -1.092865411258618635e-07 -8.932649269157992854e-08 -7.690996413910863807e-08 -6.685630991142174077e-08 -5.599738649548074261e-08 -4.750199763584578252e-08 -4.182103406151247097e-08 -3.625606411302495744e-08 -3.080959425408185158e-08 -2.689682712046642239e-08 -2.382118417860335666e-08 -2.158099753283604351e-08
-4.416875856601900643e-04 -7.576438144024739084e-05 -5.104138553011330800e-05 -3.887969691316388131e-05 -3.675854948481915965e-05 -3.425965480008227095e-05 -3.086704965880991572e-05 -3.511571578960143099e-05 -4.401966982723531723e-05 -4.513789438236830815e-05 -4.991706075818899035e-05 -8.378363837247595472e-05 -1.202614386462484670e-04 -1.217018393882919928e-04 -2.293354996345031759e-04 -6.460068555764244538e-04 -9.149095121826031785e-04 -7.408034543565574252e-04 -8.126789858659303964e-03 -1.298933009182525744e-01 3.760159791994815981e-01 -2.709615306705634552e+01 5.258009539476367991e+02 -2.602552388598635247e+01 4.733402845418000493e-01 -9.686819911555112628e-02 -4.098556908559161660e-03 -3.723448040281806615e-04 -4.007691517310239425e-04 -2.478717288521242019e-04 -7.508733916043647857e-05 -3.357605465340405420e-05 -2.844238919607747215e-05 -1.671384234513055800e-05 -8.170281548162011912e-06 -6.037017713791373729e-06 -4.786310208968287404e-06 -2.995723413403788739e-06 -1.996737904295092030e-06 -1.661556319115662930e-06 -1.272737120723070399e-06 -8.805535637020785986e-07 -6.921711872311014001e-07 -5.836274260395477291e-07 -4.474904017859637951e-07 -3.417973778645569648e-07 -2.891894293932362145e-07 -2.419179683878423832e-07 -1.904654050869953314e-07 -1.567231240382517363e-07 -1.358987010744092690e-07 -1.132054520990008655e-07 -9.257224634609524923e-08 -7.975348192278908324e-08 -6.937042592585791103e-08 -5.812980668410886912e-08 -4.933486441830971020e-08 -4.346026369802483802e-08 -3.769669754056803869e-08 -3.205246140998800034e-08 -2.797421258050983921e-08 -2.594915226503366950e-08
-3.366058069660573648e-04 -6.522747374118688141e-05 -4.720150489500439013e-05 -3.343505860061035418e-05 -2.836909670551664712e-05 -2.906111307337825504e-05 -2.829894283803990624e-05 -2.626343797124510229e-05 -3.082378852812389918e-05 -3.957246930856575046e-05 -4.122824118143682043e-05 -4.625766395664870212e-05 -7.873464249159189314e-05 -1.141646863183190980e-04 -1.164418634986753463e-04 -2.212877768040584937e-04 -6.277076233724064548e-04 -8.935666339583617614e-04 -7.266023594663389854e-04 -7.992896084982643520e-03 -1.289292893858749733e-01 3.787106460996561563e-01 -2.707139949104071164e+01 5.258023305230674396e+02 -2.604648112436397156e+01 4.717747195439244701e-01 -9.737637551411849890e-02 -4.152196701458528774e-03 -3.765173492218368734e-04 -4.061539110331210392e-04 -2.515865995860338037e-04 -7.633105479531453771e-05 -3.418190386019779795e-05 -2.899548780225590734e-05 -1.705925610965244768e-05 -8.347763804589370106e-06 -6.175333766084048398e-06 -4.901392527581626912e-06 -3.070464752304186591e-06 -2.047456448529515312e-06 -1.703836394470442083e-06 -1.305885411770607473e-06 -9.044255002492957074e-07 -7.115632122399245756e-07 -6.005341208837315045e-07 -4.607316351537953209e-07 -3.521008576133967708e-07 -2.981337565049491124e-07 -2.495672069526567978e-07 -1.965789091139160221e-07 -1.618438653356857379e-07 -1.404330319282559995e-07 -1.170430309714676864e-07 -9.575242620099426738e-08 -8.254045674853027784e-08 -7.183536945649101250e-08 -6.022160136839832259e-08 -5.113366019576668222e-08 -4.506990687699957902e-08 -3.911742576356290467e-08 -3.324809489823812496e-08 -3.042301523994052050e-08
-3.457176313419376020e-04 -5.342983476834951666e-05 -3.879693333877800139e-05 -3.074373260660424705e-05 -2.481063196618357513e-05 -2.237455200750824191e-05 -2.382574567138785615e-05 -2.409576146934988439e-05 -2.302073078880074680e-05 -2.758403852216133719e-05 -3.605470898527379369e-05 -3.811760652706087666e-05 -4.329626625128130352e-05 -7.452017942601480175e-05 -1.090016230500957507e-04 -1.119512683876132668e-04 -2.143132596622633092e-04 -6.116563898303363327e-04 -8.747002604827708349e-04 -7.139812607697798271e-04 -7.872682730844600754e-03 -1.280573860916576490e-01 3.811558786312673197e-01 -2.704874896480345470e+01 5.258035420123475205e+02 -2.606579165766494199e+01 4.703213867360171996e-01 -9.784857365003647722e-02 -4.202263906306414817e-03 -3.804288299383151587e-04 -4.112103099386086474e-04 -2.550831808352406862e-04 -7.750494586200625392e-05 -3.475565414046051662e-05 -2.952018471989577717e-05 -1.738738936291900355e-05 -8.516849377306355933e-06 -6.307585119591749379e-06 -5.010616849924243774e-06 -3.139479132970889784e-06 -2.094585321528621230e-06 -1.745405026297420869e-06 -1.338854240683843185e-06 -9.277909161299482073e-07 -7.304927179697333800e-07 -6.170098449562052312e-07 -4.736382737463646499e-07 -3.621501414468760862e-07 -3.068577113570068555e-07 -2.570303388861717734e-07 -2.025483755193250109e-07 -1.668468586548323301e-07 -1.448646532940731955e-07 -1.207958753395001640e-07 -9.886450398207946249e-08 -8.526905423314311030e-08 -7.424977513222522877e-08 -6.227168992852224179e-08 -5.289790093213677886e-08 -4.665572982153587977e-08 -4.048166830866529588e-08 -3.604790034947649733e-08
-3.190104659998104593e-04 -4.784049576616312385e-05 -3.240620731929508746e-05 -2.601959340327286889e-05 -2.274777490601675214e-05 -1.933328947407675111e-05 -1.835965236863393445e-05 -2.032401543173802436e-05 -2.104092193228940315e-05 -2.050796995382567475e-05 -2.507471840995769018e-05 -3.327296258790017207e-05 -3.556693405409236386e-05 -4.082653641167210496e-05 -7.097268997279127390e-05 -1.045865314630558873e-04 -1.080596332540259617e-04 -2.082100001381076925e-04 -5.974751395127716504e-04 -8.579036295246677754e-04 -7.026856572907545784e-04 -7.764163308608454037e-03 -1.272650070388196830e-01 3.833847079890936871e-01 -2.702794435637765247e+01 5.258046137949368131e+02 -2.608364226158616006e+01 4.689686811561882274e-01 -9.828848039222168320e-02 -4.249103470955677836e-03 -3.841023811974676240e-04 -4.159667162724425978e-04 -2.583804757626896641e-04 -7.861491890537807524e-05 -3.529931466803995835e-05 -3.001850375148487849e-05 -1.769991175434729177e-05 -8.677217803290011381e-06 -6.431102877492958236e-06 -5.113454775090671696e-06 -3.206687286633821604e-06 -2.141028948744221250e-06 -1.785777726040090285e-06 -1.370841643167364435e-06 -9.504793389496343186e-07 -7.488789893019241049e-07 -6.330148408480193794e-07 -4.861874261606139851e-07 -3.719308653228631617e-07 -3.153527333993295959e-07 -2.643020376131725323e-07 -2.083699802632635965e-07 -1.717294340487397595e-07 -1.491918260372047915e-07 -1.244627220996703056e-07 -1.019074964730014618e-07 -8.793855048289855185e-08 -7.661309622601171354e-08 -6.428005579369060225e-08 -5.463482542356762615e-08 -4.817496599041510951e-08 -4.374162169663583234e-08
-2.430409534541661822e-04 -4.407059061198249412e-05 -3.029177871240705872e-05 -2.171810086227339556e-05 -1.897696148869877064e-05 -1.781278676341597396e-05 -1.593005089351306883e-05 -1.557096308199541775e-05 -1.769039960315579350e-05 -1.874955186705381117e-05 -1.858808917883212716e-05 -2.305400751584319938e-05 -3.099051229405124202e-05 -3.346467401631839517e-05 -3.875034431000853706e-05 -6.793042175427466069e-05 -1.007669981415260465e-04 -1.046670859174367860e-04 -2.028240858497129128e-04 -5.848501624788565809e-04 -8.428580786857084884e-04 -6.925214941059632629e-04 -7.665712221213301890e-03 -1.265417545782595576e-01 3.854245852798827143e-01 -2.700876881782081185e+01 5.258055665573700708e+02 -2.610019249046867174e+01 4.677065356563750997e-01 -9.869929524907478102e-02 -4.293015954363843881e-03 -3.875594785661562068e-04 -4.204491777278820930e-04 -2.614944253249645119e-04 -7.966592222719978895e-05 -3.581563683669832020e-05 -3.049137151835091411e-05 -1.799453051729214579e-05 -8.828468270702562729e-06 -6.550394506692205675e-06 -5.213271685550461526e-06 -3.271612800915248743e-06 -2.185927323509309705e-06 -1.824800939300970500e-06 -1.401783495070409424e-06 -9.724577442611591400e-07 -7.667056340416917086e-07 -6.485422822953720110e-07 -4.983750450535090486e-07 -3.814401878939947267e-07 -3.236176408707981482e-07 -2.713818948810762870e-07 -2.140432856227136166e-07 -1.764913093174262831e-07 -1.534145402346153679e-07 -1.280435891305154651e-07 -1.048813479685744983e-07 -9.054891199579690088e-08 -7.892585747387714726e-08 -6.625590342350564750e-08 -5.629332416472494962e-08 -5.199033183409559164e-08
-2.163273717682053768e-04 -3.793614067551248913e-05 -2.720899717797813766e-05 -1.979817799223305966e-05 -1.596769367586592226e-05 -1.498392056590370853e-05 -1.458895039323243213e-05 -1.345331182190659123e-05 -1.355754060689453574e-05 -1.574238558374637848e-05 -1.694417262268998575e-05 -1.704051793793399602e-05 -2.142396395623386696e-05 -2.910191925207200961e-05 -3.168446601423227275e-05 -3.697903669777703240e-05 -6.530708994332773214e-05 -9.742978508548625044e-05 -1.016766790922680081e-04 -1.980401242690470328e-04 -5.735438981173961344e-04 -8.293011979683092335e-04 -6.833258147233039386e-04 -7.575996419884052646e-03 -1.258789684598558556e-01 3.872985186980247851e-01 -2.699103819107205737e+01 5.258064172914469054e+02 -2.611557946201376268e+01 4.665261795435254877e-01 -9.908380999397728428e-02 -4.334266792063231656e-03 -3.908180615734146860e-04 -4.246804780751549098e-04 -2.644403189082740924e-04 -8.066140609035297364e-05 -3.630290828524576115e-05 -3.093951587923982857e-05 -1.827681848525739648e-05 -8.974467972160726700e-06 -6.665077329402194288e-06 -5.309256226688933782e-06 -3.334145455891067025e-06 -2.229238098927055225e-06 -1.862472033204299096e-06 -1.431685946961078776e-06 -9.937292618437092540e-07 -7.839768724585019967e-07 -6.635978308113695278e-07 -5.102051151567022882e-07 -3.906806534611798347e-07 -3.316549501543806400e-07 -2.782721109087591967e-07 -2.195697418393311284e-07 -1.811336008150244630e-07 -1.575338441835348637e-07 -1.315392638614065656e-07 -1.077865769908822976e-07 -9.310119370954633747e-08 -8.119935612104260200e-08 -6.813848873796586927e-08 -6.067790474593121870e-08
-2.200294815262130853e-04 -3.283194854019820080e-05 -2.283945235479303734e-05 -1.800228317396508588e-05 -1.472940719584682194e-05 -1.250273495340404891e-05 -1.221784866807518019e-05 -1.236687504164303323e-05 -1.170060564403258872e-05 -1.200781206385385312e-05 -1.420461681517248558e-05 -1.552346770000784929e-05 -1.578732034235431379e-05 -2.006073879983565124e-05 -2.751182649351435571e-05 -3.017401920292182114e-05 -3.544923754311629985e-05 -6.301411220780372101e-05 -9.449352118018518190e-05 -9.902604431063057391e-05 -1.937595576683790854e-04 -5.633590471826285025e-04 -8.170262177722088966e-04 -6.749674115709216075e-04 -7.493903231313997146e-03 -1.252693760374476994e-01 3.890259293136174024e-01 -2.697459507008175450e+01 5.258071800631626047e+02 -2.612992166958311202e+01 4.654199345351996975e-01 -9.944446939208603786e-02 -4.373089994246520326e-03 -3.938952450451965997e-04 -4.286798507725297978e-04 -2.672272423777225284e-04 -8.160436075814792348e-05 -3.676801025179765874e-05 -3.136824776696392990e-05 -1.854688092153919404e-05 -9.114456164123836592e-06 -6.775166062669903827e-06 -5.401492977380280645e-06 -3.394338343815504386e-06 -2.270995063727148911e-06 -1.898826456818805758e-06 -1.460576644408253386e-06 -1.014310303294593793e-06 -8.007054113286744634e-07 -6.781927307264769879e-07 -5.216855008980790071e-07 -3.996575832459961958e-07 -3.394691732608857502e-07 -2.849763521886070826e-07 -2.249519172722146360e-07 -1.856582915512280820e-07 -1.615514128027442422e-07 -1.349510056769269933e-07 -1.106248245130908131e-07 -9.560885555927929438e-08 -8.336272006597718976e-08 -7.319710815987212018e-08
-1.889939171934509746e-04 -3.042102752495400822e-05 -2.051277830315741948e-05 -1.544437271935046298e-05 -1.324748275816004194e-05 -1.146474798202870202e-05 -1.025316357086715604e-05 -1.035552619340354157e-05 -1.071022769301331953e-05 -1.034887005929921444e-05 -1.082433211346370542e-05 -1.298504239909229392e-05 -1.435250663077173588e-05 -1.474985373130810484e-05 -1.892284329835569248e-05 -2.615388857618730574e-05 -2.886747600150255718e-05 -3.411959685575137620e-05 -6.099866505345007632e-05 -9.188662294361320476e-05 -9.665868029454709003e-05 -1.899107035861052873e-04 -5.541378948766669194e-04 -8.058577709845619929e-04 -6.673376408138702266e-04 -7.418504388231080340e-03 -1.247068242761851381e-01 3.906233280216003800e-01 -2.695930411493325352e+01 5.258078665942912266e+02 -2.614332203844271874e+01 4.643810518138906662e-01 -9.978342572787700371e-02 -4.409691794948712197e-03 -3.968012236988281900e-04 -4.324643855972114671e-04 -2.698726291465172126e-04 -8.250258749003661670e-05 -3.721170527954825057e-05 -3.177767679731233690e-05 -1.880521997026178674e-05 -9.248651797054074176e-06 -6.880845542703668039e-06 -5.490141082297074691e-06 -3.452282679648349006e-06 -2.311253926743593443e-06 -1.933912330539055863e-06 -1.488491240385197982e-06 -1.034222855918977371e-06 -8.169077975020622391e-07 -6.923408821588207829e-07 -5.328260349852779361e-07 -4.083777881253103497e-07 -3.470659302765179852e-07 -2.914991424314568723e-07 -2.301930729592442177e-07 -1.900678645183705199e-07 -1.654692975470687786e-07 -1.382812796299661156e-07 -1.134126283891595054e-07 -9.798765762422268100e-08 -8.935013964954596226e-08
-1.534468342004400969e-04 -2.774741028193802546e-05 -1.930265558324552287e-05 -1.364946356648837686e-05 -1.129271433787319877e-05 -1.041018818222870439e-05 -9.407264699715400292e-06 -8.635434757148934782e-06 -8.960871803484022087e-06 -9.484446524687817839e-06 -9.304958912704980320e-06 -9.862953760581027576e-06 -1.199217931243878134e-05 -1.339308132561531825e-05 -1.387579036940685649e-05 -1.794850907861324368e-05 -2.498643016953168663e-05 -2.773271568776795510e-05 -3.294914687269484565e-05 -5.921133358184605782e-05 -8.956085681937717038e-05 -9.453237348240027549e-05 -1.864290900917631784e-04 -5.457508159170591875e-04 -7.956548769021153968e-04 -6.603447309695627569e-04 -7.349013820689115351e-03 -1.241860747857462532e-01 3.921048370463627863e-01 -2.694504831301694026e+01 5.258084867175316504e+02 -2.615587040398053631e+01 4.634035769001597083e-01 -1.001025746009842898e-01 -4.444255514043793029e-03 -3.995553152881378884e-04 -4.360550137820410179e-04 -2.723861692933964170e-04 -8.335796124698541937e-05 -3.763513560642061843e-05 -3.216891110324212157e-05 -1.905248425093111235e-05 -9.377345442885756197e-06 -6.982332735642516733e-06 -5.575374804237195157e-06 -3.508079839436203918e-06 -2.350077423952025758e-06 -1.967781974043882311e-06 -1.515468280867413048e-06 -1.053491238005541220e-06 -8.326022939349453692e-07 -7.060574119920466713e-07 -5.436375265335710824e-07 -4.168488676435791769e-07 -3.544514638196151929e-07 -2.978455195505359276e-07 -2.352968382536726437e-07 -1.943650784431908508e-07 -1.692908705968764920e-07 -1.415506204078746795e-07 -1.160478383779537534e-07 -1.050308147512846038e-07
-1.496046531440315211e-04 -2.422167638870428334e-05 -1.704008702878660189e-05 -1.269545532338196238e-05 -1.012166967290631266e-05 -8.896524332750517815e-06 -8.480835182476728894e-06 -7.924321622530297222e-06 -7.486477161643113866e-06 -7.914800344499235704e-06 -8.507943657029363847e-06 -8.472192885759547454e-06 -9.092710294751401722e-06 -1.116717224750407461e-05 -1.258099763547333166e-05 -1.313576617467735445e-05 -1.711231390785825210e-05 -2.396742164499148723e-05 -2.673570128030972615e-05 -3.191551912086385115e-05 -5.761648655733393845e-05 -8.747046635921005328e-05 -9.261278889164553142e-05 -1.832667335698801503e-04 -5.380891367280366119e-04 -7.862968222103669785e-04 -6.539132808757099503e-04 -7.284765063349090200e-03 -1.237026371282275855e-01 3.934826079990756953e-01 -2.693172598079769031e+01 5.258090487314902930e+02 -2.616764552143996170e+01 4.624822355013222253e-01 -1.004036078747650440e-01 -4.476950879840130813e-03 -4.021682384593784935e-04 -4.394648854787223339e-04 -2.747771123359550203e-04 -8.417328994037335480e-05 -3.803954976847926213e-05 -3.254306234150266392e-05 -1.928932017108906099e-05 -9.500834441627092000e-06 -7.079846598266143905e-06 -5.657367735990127931e-06 -3.561832245913987841e-06 -2.387529763236782640e-06 -2.000488419570295184e-06 -1.541546914250744740e-06 -1.072140536836284261e-06 -8.478077977237054484e-07 -7.193579048155885673e-07 -5.541312036055946983e-07 -4.250788227659976298e-07 -3.616323627732298894e-07 -3.040207371017637744e-07 -2.402670053412891174e-07 -1.985541252201174420e-07 -1.730405027352382178e-07 -1.446379727859875265e-07 -1.241623281716448962e-07
-1.444569644398181285e-04 -2.189058175582603340e-05 -1.488276505139167609e-05 -1.144537711884776302e-05 -9.434815208046251357e-06 -7.893120388458971286e-06 -7.253650704045615701e-06 -7.173406861733256952e-06 -6.851599087658207643e-06 -6.588972097038454279e-06 -7.098745760149355923e-06 -7.742959307119950141e-06 -7.791227595792563101e-06 -8.448321674156103646e-06 -1.047829259004720570e-05 -1.189334935287520399e-05 -1.249585375940290112e-05 -1.638426352322453394e-05 -2.307550341950397464e-05 -2.585385752632192525e-05 -3.099299442943670180e-05 -5.618541360244385031e-05 -8.558385174974348654e-05 -9.087042268317063916e-05 -1.803806766658840011e-04 -5.310640168711921972e-04 -7.776836849367979674e-04 -6.479775952994403778e-04 -7.225187512749491406e-03 -1.232526430440687853e-01 3.947671547528337488e-01 -2.691924832497397446e+01 5.258095596782046641e+02 -2.617871674056857501e+01 4.616123325240767405e-01 -1.006880236104575749e-01 -4.507923595584126773e-03 -4.046501911893986194e-04 -4.427070813761111194e-04 -2.770540632279610009e-04 -8.495123539282607435e-05 -3.842614433251326797e-05 -3.290118172998208503e-05 -1.951634230007359144e-05 -9.619406384910012429e-06 -7.173598802664524362e-06 -5.736287343399038035e-06 -3.613639790163252190e-06 -2.423674214071160545e-06 -2.032083799981993869e-06 -1.566765767765527828e-06 -1.090195794981502548e-06 -8.625432440874859649e-07 -7.322579649781142008e-07 -5.643184109187251967e-07 -4.330758403532976622e-07 -3.686152944435583883e-07 -3.100300947507302255e-07 -2.451089576675550079e-07 -2.026639309431283901e-07 -1.765758317724285366e-07 -1.541918064313297103e-07
-1.209417091123379199e-04 -2.050108633405919731e-05 -1.392535088542332688e-05 -1.006565532894686572e-05 -8.401513204201704787e-06 -7.368466862620610998e-06 -6.475422694240942998e-06 -6.116943711362163861e-06 -6.181854689812167707e-06 -6.037058473615763096e-06 -5.905956355454329883e-06 -6.443184811096689291e-06 -7.112027138760632860e-06 -7.232732324768713059e-06 -7.911183239215424654e-06 -9.888443763834700665e-06 -1.130068739990105226e-05 -1.194291687794673524e-05 -1.574584743197408014e-05 -2.228489965484692250e-05 -2.506914613647352773e-05 -3.016716011745978541e-05 -5.489328620537517283e-05 -8.387150057611094127e-05 -8.928309079186509342e-05 -1.777369913642042499e-04 -5.245986076056942003e-04 -7.697300222796203597e-04 -6.424835747987164445e-04 -7.169788574285937237e-03 -1.228327335565358169e-01 3.959676189145809322e-01 -2.690753748146400426e+01 5.258100255573126560e+02 -2.618914535098051743e+01 4.607896874038118762e-01 -1.009571597071277915e-01 -4.537305809068166787e-03 -4.070106303758615034e-04 -4.457935542617790978e-04 -2.792248954003061006e-04 -8.569425968623248864e-05 -3.879603660468711510e-05 -3.324424872107945353e-05 -1.973412646844389308e-05 -9.733333966096141012e-06 -7.263790536556583862e-06 -5.812292950565692088e-06 -3.663598320019023728e-06 -2.458571986953540434e-06 -2.062618567453181334e-06 -1.591162373209080654e-06 -1.107681560792049098e-06 -8.768272652477543071e-07 -7.447729901643073567e-07 -5.742104532743839951e-07 -4.408480516531033819e-07 -3.754068572064531423e-07 -3.158807407384894118e-07 -2.498588792572385049e-07 -2.065205825400047782e-07 -1.881318439405614978e-07
-1.069456033521430004e-04 -1.857611182914782963e-05 -1.294083507875625158e-05 -9.235112898649654669e-06 -7.413852940594469151e-06 -6.622985920209408261e-06 -6.022237376369896505e-06 -5.436252140436908460e-06 -5.281048821601783758e-06 -5.449752713293373879e-06 -5.396350529232049888e-06 -5.350669970703008109e-06 -5.915280151990755411e-06 -6.594356782663792671e-06 -6.759544837288338645e-06 -7.453276728814916565e-06 -9.384459345365701299e-06 -1.078596881064271154e-05 -1.145648516993160941e-05 -1.518238985903056969e-05 -2.158220029106128803e-05 -2.436537786468238230e-05 -2.942226720627845633e-05 -5.372222695847390407e-05 -8.231116529626854002e-05 -8.783003747079730274e-05 -1.753063529442777722e-04 -5.186298540774010851e-04 -7.623609864384698741e-04 -6.373766800824787670e-04 -7.118142049964392912e-03 -1.224399986888924097e-01 3.970919782287332112e-01 -2.689652486405089249e+01 5.258104515190622124e+02 -2.619898572747472443e+01 4.600105584251590884e-01 -1.012122145025978331e-01 -4.565216628275235201e-03 -4.092581828342145285e-04 -4.487351833434004311e-04 -2.812967968126371373e-04 -8.640462750832729065e-05 -3.915026181738754985e-05 -3.357317146686423142e-05 -1.994320923329851543e-05 -9.842873555296068638e-06 -7.350611528238186379e-06 -5.885535102393759657e-06 -3.711799026396871615e-06 -2.492281715813036963e-06 -2.092141120583593768e-06 -1.614772865553056521e-06 -1.124621634204984428e-06 -8.906780272838733732e-07 -7.569180659918563107e-07 -5.838183536144157867e-07 -4.484033707853020470e-07 -3.820157836854987131e-07 -3.216171523353611849e-07 -2.543036903737136221e-07 -2.201628929869918965e-07
-1.068953305638106440e-04 -1.658462674188946836e-05 -1.143892610533394360e-05 -8.609321714224687862e-06 -6.885164125019380055e-06 -5.821596263997182223e-06 -5.386077170257428523e-06 -5.073287322462874444e-06 -4.698283444515733857e-06 -4.639407457097612339e-06 -4.865925569787591745e-06 -4.891386694027276677e-06 -4.903916146368924866e-06 -5.473218708882612628e-06 -6.158255927179557304e-06 -6.361214403904942069e-06 -7.059812046017583149e-06 -8.944529927361008311e-06 -1.033580746868111167e-05 -1.102847825993583881e-05 -1.468031696560686808e-05 -2.095208149863401191e-05 -2.373218232815280880e-05 -2.874782717189100820e-05 -5.265493931258837104e-05 -8.088342147876420737e-05 -8.649616168048220087e-05 -1.730618074664771880e-04 -5.130949880247484595e-04 -7.555121544799742357e-04 -6.326260984086402427e-04 -7.069886277273286848e-03 -1.220718832882020100e-01 3.981472406868424296e-01 -2.688614983037017225e+01 5.258108419971767944e+02 -2.620828627828577595e+01 4.592715878355295156e-01 -1.014542643405832029e-01 -4.591763618690320771e-03 -4.114007017727596663e-04 -4.515418749184198503e-04 -2.832763330659626710e-04 -8.708441963158403327e-05 -3.948977676606385854e-05 -3.388879070260855696e-05 -2.014408947868950528e-05 -9.948265217560075586e-06 -7.434240001095840568e-06 -5.956155539229439636e-06 -3.758328263894883755e-06 -2.524859247949442446e-06 -2.120697635732025224e-06 -1.637631833444104628e-06 -1.141038972425807574e-06 -9.041131713670664682e-07 -7.687077250206174291e-07 -5.931527084387851595e-07 -4.557521297063346685e-07 -3.884941058266752200e-07 -3.269874434341156424e-07 -2.701918786803575055e-07
-9.793189769719462317e-05 -1.542025584416256161e-05 -1.040952012551948031e-05 -7.758753586355787005e-06 -6.380369178102727878e-06 -5.368246550061573574e-06 -4.758570828472381923e-06 -4.547281288266772556e-06 -4.367679146766827474e-06 -4.121988252869070030e-06 -4.145957502611266395e-06 -4.405620470341120222e-06 -4.474141183343747215e-06 -4.532445827667096376e-06 -5.106532065750886979e-06 -5.787658022549953145e-06 -6.016374939115800782e-06 -6.719242187819011204e-06 -8.560841620159798741e-06 -9.937543717549731387e-06 -1.064733583379581410e-05 -1.423182055807453475e-05 -2.038481485979522318e-05 -2.315826643453200345e-05 -2.813419782310618846e-05 -5.167959261845716650e-05 -7.956962228851037716e-05 -8.525883384694227533e-05 -1.709802110982610159e-04 -5.079579617258750054e-04 -7.491375751664730229e-04 -6.281946069015839976e-04 -7.024696411885312727e-03 -1.217261432985315417e-01 3.991395788742818085e-01 -2.687635856381308486e+01 5.258112008263203734e+02 -2.621709024151375900e+01 4.585697540009108231e-01 -1.016842786678660154e-01 -4.617044147213006378e-03 -4.134453409689700415e-04 -4.542226622040129269e-04 -2.851695091139095522e-04 -8.773554852903655014e-05 -3.981546528770405397e-05 -3.419188460667101423e-05 -2.033723075503776045e-05 -1.004973333157007138e-05 -7.514843042198496766e-06 -6.024287464881100950e-06 -3.803267594013966775e-06 -2.556357586695997954e-06 -2.148332018041824934e-06 -1.659772319124954129e-06 -1.156955698157095512e-06 -9.171496016092641407e-07 -7.801558606525835472e-07 -6.022269841991370007e-07 -4.629580751984814350e-07 -3.945376861624017408e-07 -3.463773961832734047e-07
-8.344110571861146667e-05 -1.442701311740831916e-05 -9.874651942888851844e-06 -7.012526548261985113e-06 -5.705575534747779777e-06 -5.008769830800738622e-06 -4.401120806175537809e-06 -3.998253120865579257e-06 -3.910925079061193185e-06 -3.840283636622726587e-06 -3.678795115779355016e-06 -3.744194483152084423e-06 -4.028551185167063818e-06 -4.133902522073035385e-06 -4.220776233735765819e-06 -4.791909157328665611e-06 -5.470186635085948921e-06 -5.719061515959359955e-06 -6.420180959338487097e-06 -8.221450317344277449e-06 -9.584596100935646501e-06 -1.030680539133559775e-05 -1.382743879293872263e-05 -1.987134477346905499e-05 -2.263717176944628583e-05 -2.757078181675403175e-05 -5.077539367684607370e-05 -7.835382011993413589e-05 -8.411838665692943898e-05 -1.690523167621783027e-04 -5.031760976375057549e-04 -7.431875401118335925e-04 -6.240506555054236128e-04 -6.982289402053491224e-03 -1.214007995308296201e-01 4.000744520159560391e-01 -2.686710313919358839e+01 5.258115313367578665e+02 -2.622543635741782708e+01 4.579023304750079459e-01 -1.019031329661713309e-01 -4.641146553630057237e-03 -4.153986264727062131e-04 -4.567857963745452729e-04 -2.869818257149583311e-04 -8.835977365400812485e-05 -4.012814410396394295e-05 -3.448317378223237376e-05 -2.052306381640804975e-05 -1.014748745427876898e-05 -7.592577160286159174e-06 -6.090055953245032368e-06 -3.846693926625345093e-06 -2.586826919334533840e-06 -2.175085986264335611e-06 -1.681225913521936591e-06 -1.172392890309975128e-06 -9.298033766332256768e-07 -7.912799026938824990e-07 -6.111233494557906072e-07 -4.696361460303330548e-07 -4.185461461203072077e-07
-7.913901067912529753e-05 -1.308060849649979525e-05 -9.054661670949949118e-06 -6.564680111196377359e-06 -5.207679682490983403e-06 -4.502111464523921783e-06 -4.081960436710550633e-06 -3.693976010951891099e-06 -3.449416211382545490e-06 -3.435123746898993231e-06 -3.418956083441019817e-06 -3.321758591414199467e-06 -3.422787713486511454e-06 -3.716474065700905531e-06 -3.844849659457417963e-06 -3.957074762054633115e-06 -4.523698735825438430e-06 -5.193638415842913653e-06 -5.458054013844437889e-06 -6.157594934994251265e-06 -7.920280947711621841e-06 -9.268182723497977185e-06 -1.000059469464852912e-05 -1.346261286261290365e-05 -1.940136113580463685e-05 -2.215154775539652674e-05 -2.704850606085689140e-05 -4.994632419202980152e-05 -7.723406757608941770e-05 -8.306241880216850757e-05 -1.672593706736150447e-04 -4.987133343400501325e-04 -7.376208026150023753e-04 -6.201670283066035077e-04 -6.942416104266643795e-03 -1.210940995174955015e-01 4.009567061309875502e-01 -2.685834073794747212e+01 5.258118364319481088e+02 -2.623335943847860818e+01 4.572668508837879897e-01 -1.021116198578921191e-01 -4.664151167990669179e-03 -4.172665217588217073e-04 -4.592388277326138381e-04 -2.887183300331009825e-04 -8.895871563682991741e-05 -4.042856849506227732e-05 -3.476332603336847415e-05 -2.070198912872446020e-05 -1.024172327690502831e-05 -7.667588921591899016e-06 -6.153578391425274817e-06 -3.888679706973624142e-06 -2.616314771831008092e-06 -2.200999234754855172e-06 -1.702022506510770901e-06 -1.187370412039631067e-06 -9.420947389553362960e-07 -8.021793854596757738e-07 -6.193687291071529652e-07 -4.980294322807988048e-07
-7.769385534462644244e-05 -1.196807471328859332e-05 -8.139005152130754329e-06 -6.098521386434951845e-06 -4.901622885652857113e-06 -4.078665348691066752e-06 -3.666414365624425143e-06 -3.441628208190713755e-06 -3.183416582813633693e-06 -3.020134281086846973e-06 -3.059448981272716232e-06 -3.088859346161126733e-06 -3.030873029290926552e-06 -3.152609433886526619e-06 -3.455718032388438283e-06 -3.601610586771260374e-06 -3.729311872260368076e-06 -4.290068940446090113e-06 -4.952972677720693474e-06 -5.228393777005598435e-06 -5.923560492301330028e-06 -7.651085836538747020e-06 -8.984731441043244154e-06 -9.720425577534726883e-06 -1.312035540365970303e-05 -1.896609392981428907e-05 -2.171058502990743310e-05 -2.657247685945224373e-05 -4.918181882141539109e-05 -7.619687232026966150e-05 -8.208131454457895707e-05 -1.655874159267029628e-04 -4.945386655235251656e-04 -7.324014417023358772e-04 -6.165199136854153557e-04 -6.904856265641927740e-03 -1.208044859202828114e-01 4.017906577288092307e-01 -2.685003298556144458e+01 5.258121186525232815e+02 -2.624089085490391327e+01 4.566610786934416355e-01 -1.023104586759123052e-01 -4.686131195046153337e-03 -4.190544858244544808e-04 -4.615886775733696714e-04 -2.903836606773477517e-04 -8.953386921132379221e-05 -4.071743760483428301e-05 -3.503296081532163842e-05 -2.087437926700545305e-05 -1.033262359838292858e-05 -7.740015582690918416e-06 -6.214964937477913746e-06 -3.929293240350099736e-06 -2.644866250081260153e-06 -2.226109199108847306e-06 -1.722190215630475823e-06 -1.201913053404588574e-06 -9.541413348007497049e-07 -8.122902084588876065e-07 -6.534213310790392330e-07
-6.896554285294453641e-05 -1.129036149941100297e-05 -7.634859392602947302e-06 -5.538787049729407332e-06 -4.510844523032454822e-06 -3.833498563715325879e-06 -3.342475797742052058e-06 -3.088814080669930441e-06 -2.955586059745441148e-06 -2.789880913349204442e-06 -2.692125416427118800e-06 -2.758797628627827205e-06 -2.814983269371857970e-06 -2.791395705620989982e-06 -2.928481271460840908e-06 -3.232635333193794711e-06 -3.391549278938918956e-06 -3.533297009694875512e-06 -4.086212616282912360e-06 -4.739820912982506094e-06 -5.024598800049692904e-06 -5.715674525269893487e-06 -7.405337810505401477e-06 -8.716693721112758192e-06 -9.459272316877832080e-06 -1.281271054039093267e-05 -1.857223006331755279e-05 -2.130669568154443082e-05 -2.613405751797442009e-05 -4.847400643816237139e-05 -7.523313375072626338e-05 -8.116722428884285984e-05 -1.640245226911204209e-04 -4.906250550153678711e-04 -7.274979311659296455e-04 -6.130883435017257842e-04 -6.869414434273252677e-03 -1.205305701028431681e-01 4.025801641583031110e-01 -2.684214538956758389e+01 5.258123802294159077e+02 -2.624805894985628640e+01 4.560829810905813742e-01 -1.025003037385286142e-01 -4.707153484867223139e-03 -4.207675246663360982e-04 -4.638417016972240818e-04 -2.919820877066756190e-04 -9.008661487543362725e-05 -4.099539931499976354e-05 -3.529265333814781742e-05 -2.104058116489678390e-05 -1.042035924766522948e-05 -7.809985713529962181e-06 -6.274319112995544172e-06 -3.968599130404418867e-06 -2.672523866824807861e-06 -2.250451084950553820e-06 -1.741763451047786924e-06 -1.216175055816814131e-06 -9.652241190994628664e-07 -8.562074716999016830e-07
-6.145234702306326012e-05 -1.051601399110925986e-05 -7.221890131019335363e-06 -5.125858842120088847e-06 -4.094938181982360726e-06 -3.557357588574484338e-06 -3.137588919945615270e-06 -2.803617798806363627e-06 -2.656762011401480558e-06 -2.594564485898123358e-06 -2.481510932094911878e-06 -2.423726003932113349e-06 -2.515207070977796723e-06 -2.591234232212753020e-06 -2.588592027601116904e-06 -2.736684549362272341e-06 -3.042669302869295015e-06 -3.209978127883598655e-06 -3.360799842055853916e-06 -3.906612964950966449e-06 -4.551966952809162287e-06 -4.838430232115302886e-06 -5.515780597801855185e-06 -7.175862655794908166e-06 -8.478499257315289767e-06 -9.226748268266212578e-06 -1.253286025747029645e-05 -1.821114876778694738e-05 -2.093472428915596416e-05 -2.572862499085580974e-05 -4.781663250357174596e-05 -7.433522095035196696e-05 -8.031344869669584821e-05 -1.625603290377410255e-04 -4.869487726671968401e-04 -7.228824624694134542e-04 -6.098537670990664952e-04 -6.835916558631188224e-03 -1.202711098911816573e-01 4.033286830354732566e-01 -2.683464686072407446e+01 5.258126231280378988e+02 -2.625488939598648486e+01 4.555307063389481548e-01 -1.026817515288277749e-01 -4.727279206054529372e-03 -4.224102368138204144e-04 -4.660037465578059624e-04 -2.935175481522933334e-04 -9.061822936215932988e-05 -4.126305469492119396e-05 -3.554293832145407765e-05 -2.120091815557428205e-05 -1.050508993350401703e-05 -7.877619939322031111e-06 -6.331738485918756767e-06 -4.006658055428814768e-06 -2.699327360322337829e-06 -2.274068164937818459e-06 -1.760945760432437769e-06 -1.229212743761959689e-06 -1.020625019433487148e-06
-6.039437497687737334e-05 -9.612404702098531085e-06 -6.589966478364189608e-06 -4.835644722769979357e-06 -3.830193441130941562e-06 -3.227882867470065428e-06 -2.896597568691732847e-06 -2.637523344066252935e-06 -2.417235904874497702e-06 -2.326642985061232286e-06 -2.304631422679695852e-06 -2.236295105307730470e-06 -2.208354153581897158e-06 -2.311342260224129777e-06 -2.401765420364010664e-06 -2.418111350356069429e-06 -2.572583849799446965e-06 -2.876699473369742605e-06 -3.051289136167267716e-06 -3.210328676933618180e-06 -3.742623933113440858e-06 -4.369633040489890878e-06 -4.663009502547025766e-06 -5.341009457203963928e-06 -6.973784552566825889e-06 -8.263485692952162373e-06 -9.015210087839663287e-06 -1.227647806495646130e-05 -1.787856125121555756e-05 -2.059083568018802110e-05 -2.535247518396581515e-05 -4.720442661192067989e-05 -7.349657808068377457e-05 -7.951418458958740127e-05 -1.611857645421829765e-04 -4.834888891709169254e-04 -7.185304038357577961e-04 -6.067997073398426113e-04 -6.804207135542820507e-03 -1.200249907635034530e-01 4.040393226788950853e-01 -2.682750930337129702e+01 5.258128490853488302e+02 -2.626140550273601093e+01 4.550025640854610809e-01 -1.028553469438732715e-01 -4.746564435457665578e-03 -4.239868536174958642e-04 -4.680801989538313870e-04 -2.949936775831714961e-04 -9.112989504870931678e-05 -4.152096205317932419e-05 -3.578431336092329125e-05 -2.135569181437820582e-05 -1.058696523323442824e-05 -7.943031751879215641e-06 -6.387314382531866916e-06 -4.043526529909189396e-06 -2.725326090354228296e-06 -2.297202343760470765e-06 -1.778582602780261761e-06 -1.295093429894333262e-06
-5.733160580589039413e-05 -8.980484286871838936e-06 -6.066599617708487428e-06 -4.480961520675185340e-06 -3.606959958292829620e-06 -2.998514255530044741e-06 -2.637089793559590465e-06 -2.443128508873452780e-06 -2.267468320639909842e-06 -2.113377160736073441e-06 -2.069728498896334179e-06 -2.076469100941230292e-06 -2.033784269060290447e-06 -2.028013359653641953e-06 -2.142206567090581072e-06 -2.241423453152845502e-06 -2.270262637968854905e-06 -2.430387141589914718e-06 -2.733257086155049509e-06 -2.906330241070634428e-06 -3.060658772946955443e-06 -3.587105658863749900e-06 -4.212246052030980933e-06 -4.511536369516168354e-06 -5.184861203768723147e-06 -6.791048487623404487e-06 -8.067650109154202382e-06 -8.821549114789948239e-06 -1.204051845299222094e-05 -1.757110002119471781e-05 -2.027188862524932538e-05 -2.500249663842933452e-05 -4.663286224991862428e-05 -7.271151277603958162e-05 -7.876436384947787031e-05 -1.598928455933702200e-04 -4.802268690793505784e-04 -7.144198557356985476e-04 -6.039114764377963860e-04 -6.774146803793196052e-03 -1.197912098666826380e-01 4.047148851012333792e-01 -2.682070726356457158e+01 5.258130596410052249e+02 -2.626762848215438240e+01 4.544970081777683357e-01 -1.030215887511615330e-01 -4.765060676167334579e-03 -4.255012749336158084e-04 -4.700760300826335313e-04 -2.964138382315596124e-04 -9.162270843040254116e-05 -4.176964057067647127e-05 -3.601724199359814487e-05 -2.150518394588356468e-05 -1.066612574658045500e-05 -8.006327393775510814e-06 -6.441132151584114232e-06 -4.079273113818302690e-06 -2.750823956045883419e-06 -2.318418860214520330e-06 -1.863132764016312004e-06
-5.071584210952861211e-05 -8.508756735776460737e-06 -5.779175851808873520e-06 -4.123185140342913305e-06 -3.316393215629029724e-06 -2.834454076805671047e-06 -2.460289545239579941e-06 -2.217214108751948905e-06 -2.096830504334240993e-06 -1.986900486984042909e-06 -1.879792529608940339e-06 -1.860832742695068898e-06 -1.888023102622939916e-06 -1.868314555540091644e-06 -1.877278694658287126e-06 -1.996774353538725786e-06 -2.103763617510784721e-06 -2.143972423168735476e-06 -2.300298364248584495e-06 -2.588815667754643115e-06 -2.767636980220646024e-06 -2.934156336912480861e-06 -3.455109649129054281e-06 -4.072841241385523011e-06 -4.375789415310379056e-06 -5.043680433326932853e-06 -6.624586418588964593e-06 -7.888308853193665786e-06 -8.643454772138404511e-06 -1.182255056650202090e-05 -1.728597003226826369e-05 -1.997523055449655302e-05 -2.467602691609251586e-05 -4.609801285768941890e-05 -7.197504831317969780e-05 -7.805953428355342702e-05 -1.586745133346374173e-04 -4.771462356861757236e-04 -7.105312807399200578e-04 -6.011759383814634788e-04 -6.745610303368559414e-03 -1.195688623755167407e-01 4.053579028073304169e-01 -2.681421762570384359e+01 5.258132561636240325e+02 -2.627357767962462987e+01 4.540126216282601712e-01 -1.031809343671643286e-01 -4.782815313684671277e-03 -4.269571007722008037e-04 -4.719958346950098435e-04 -2.977811441003387584e-04 -9.209768767883101681e-05 -4.200957357296815055e-05 -3.624215682756931904e-05 -2.164965877711870433e-05 -1.074270314357793200e-05 -8.067606067581367565e-06 -6.493293924506836278e-06 -4.114338001544883413e-06 -2.773824078062101824e-06 -2.435810144117093402e-06
-4.747851748356694493e-05 -7.904232858816251806e-06 -5.420265448258815610e-06 -3.879989541304883772e-06 -3.069138504402238892e-06 -2.622141727109835733e-06 -2.315939974152608321e-06 -2.064267812405785955e-06 -1.908848279355892487e-06 -1.837763842619110278e-06 -1.763105457767466591e-06 -1.689755983288782541e-06 -1.692990509346527440e-06 -1.732632432623929821e-06 -1.727353022669584650e-06 -1.749183916526025898e-06 -1.873953495783698329e-06 -1.977916535610086594e-06 -2.013344507281779531e-06 -2.174438491206548415e-06 -2.468597376115507104e-06 -2.652339623866961781e-06 -2.823573112382164150e-06 -3.337800028786628208e-06 -3.947615687184284676e-06 -4.252994622317598345e-06 -4.915169776206709518e-06 -6.472172797357053134e-06 -7.723372421652404516e-06 -8.479063475250307147e-06 -1.162055402045158104e-05 -1.702080063651841035e-05 -1.969858823400738872e-05 -2.437076369694603342e-05 -4.559644887596971439e-05 -7.128281027350295623e-05 -7.739576596098794151e-05 -1.575245016556003116e-04 -4.742322918444115344e-04 -7.068471927107732597e-04 -5.985813087329606855e-04 -6.718484736803910680e-03 -1.193571298035860512e-01 4.059706704149904644e-01 -2.680801935003123759e+01 5.258134398731045849e+02 -2.627927077478865314e+01 4.535481034185437910e-01 -1.033338040541594699e-01 -4.799872018653859873e-03 -4.283576594358442873e-04 -4.738438659625202748e-04 -2.990984832727026465e-04 -9.255577931829331274e-05 -4.224121185528227038e-05 -3.645946270478018245e-05 -2.178936293823112240e-05 -1.081681945224852558e-05 -8.126988882501785260e-06 -6.544380303912870901e-06 -4.146038984400963110e-06 -2.922730510665047830e-06
-4.676937849565646012e-05 -7.320589875372826275e-06 -4.974672393349926365e-06 -3.662983791766572529e-06 -2.908031464067743727e-06 -2.415412919749343951e-06 -2.137922770572136569e-06 -1.950764746506645812e-06 -1.777840692956006024e-06 -1.668396068225294791e-06 -1.631003983629189072e-06 -1.586712746526357980e-06 -1.535479101391916272e-06 -1.551518793874446085e-06 -1.602062953314688468e-06 -1.609874677053791225e-06 -1.631800596123544869e-06 -1.744727837333533274e-06 -1.855284590541156487e-06 -1.907125748882792282e-06 -2.072273791483875566e-06 -2.364595496753873674e-06 -2.550867181215440146e-06 -2.725141952862911105e-06 -3.232380039306013389e-06 -3.834252325094835962e-06 -4.141228659898198116e-06 -4.797600011039879753e-06 -6.332039403222520213e-06 -7.571131564040889631e-06 -8.326823912389420826e-06 -1.143281717538728229e-05 -1.677355662800426864e-05 -1.943999521455874106e-05 -2.408470129309785805e-05 -4.512515848626104023e-05 -7.063093608059675037e-05 -7.676957540164481165e-05 -1.564372279985852012e-04 -4.714718855472448534e-04 -7.033518941657221054e-04 -5.961169848882324346e-04 -6.692668081607772330e-03 -1.191552699474841270e-01 4.065552719283296312e-01 -2.680209324471676879e+01 5.258136118596197548e+02 -2.628472395706396725e+01 4.531022568870401446e-01 -1.034805846162550058e-01 -4.816271103377100724e-03 -4.297060326384193876e-04 -4.756240664560737290e-04 -3.003685378153212707e-04 -9.299786484969738186e-05 -4.246497713042665965e-05 -3.666953704960607092e-05 -2.192452559910749622e-05 -1.088862308822516182e-05 -8.185164304189118849e-06 -6.591102973612076990e-06 -4.328728488280087278e-06
-4.314360051244881217e-05 -6.936236418721328540e-06 -4.682050006518411000e-06 -3.399397607613559235e-06 -2.728257813556757675e-06 -2.281233310341393443e-06 -1.979847771129116883e-06 -1.802383133687194660e-06 -1.674578166665503008e-06 -1.554391526612605000e-06 -1.483086555365630108e-06 -1.466122265935288923e-06 -1.439916178980798294e-06 -1.407475633653000875e-06 -1.435273050874442629e-06 -1.482683306768653827e-06 -1.483282450106956675e-06 -1.515862072236816881e-06 -1.641660553229580702e-06 -1.757827493887094029e-06 -1.816598462061447403e-06 -1.983341800345860217e-06 -2.272732915403437064e-06 -2.460370442582734014e-06 -2.636690652094744940e-06 -3.136966714258635955e-06 -3.731040559802242480e-06 -4.039003256231524335e-06 -4.689586520810087252e-06 -6.202730474182307889e-06 -7.430155236041486257e-06 -8.185422636683461532e-06 -1.125787291777752303e-05 -1.654247609572448825e-05 -1.919773855103506610e-05 -2.381608217079463722e-05 -4.468148439008383783e-05 -7.001600124581673829e-05 -7.617786318619725581e-05 -1.554077021328121081e-04 -4.688532118728736073e-04 -7.000312531608412960e-04 -5.937734014232543597e-04 -6.668067912408387303e-03 -1.189626082042457705e-01 4.071136043452857067e-01 -2.679642176733108982e+01 5.258137730998206507e+02 -2.628995207942401535e+01 4.526739794828798513e-01 -1.036216326630739482e-01 -4.832049838247586514e-03 -4.310050778754038634e-04 -4.773400959127791637e-04 -3.015938026188429264e-04 -9.342476788249580791e-05 -4.268126339323638025e-05 -3.687273219237173066e-05 -2.205541284672449015e-05 -1.095912774112347154e-05 -8.237545282279694567e-06 -6.860777653342069768e-06
-3.895500457506514860e-05 -6.564189041323919091e-06 -4.472588617712745047e-06 -3.173903937313278523e-06 -2.524495664673250243e-06 -2.154039455001985146e-06 -1.871359519185584494e-06 -1.662788939212194662e-06 -1.548261191062567572e-06 -1.467338140113889494e-06 -1.379923922809320788e-06 -1.331066704579748500e-06 -1.331296352914730115e-06 -1.321151849161932032e-06 -1.290313709717405592e-06 -1.307285854535784441e-06 -1.364129067433571261e-06 -1.384677785008104670e-06 -1.426339123932651614e-06 -1.554963563002458304e-06 -1.673883330246800903e-06 -1.737466811584874218e-06 -1.904696085826634741e-06 -2.190712908897023423e-06 -2.378989314124274129e-06 -2.556667681497358253e-06 -3.050130581738866522e-06 -3.636629514156413697e-06 -3.945115276355757724e-06 -4.589987840209201079e-06 -6.083024393108967300e-06 -7.299228482939180934e-06 -8.053735147939824755e-06 -1.109445312059902977e-05 -1.632602372980786534e-05 -1.897031762133200277e-05 -2.356335858410981454e-05 -4.426307234859087647e-05 -6.943495842691613208e-05 -7.561786203548259222e-05 -1.544314493602096995e-04 -4.663656447515611664e-04 -6.968725128399219692e-04 -5.915419062475473898e-04 -6.644600299084832927e-03 -1.187785300480418971e-01 4.076473981608620401e-01 -2.679098885136724917e+01 5.258139244707174385e+02 -2.629496879351972538e+01 4.522622537022693012e-01 -1.037572774989415081e-01 -4.847242732963922933e-03 -4.322574482194842249e-04 -4.789953571105353878e-04 -3.027766038763125508e-04 -9.383725710185935004e-05 -4.289043682920274482e-05 -3.706945721898922540e-05 -2.218366768185916655e-05 -1.102116271407276573e-05 -8.643480470498263751e-06
-3.777171915481792572e-05 -6.108759403296614924e-06 -4.169545415497056458e-06 -3.014453208546518139e-06 -2.376704444817513076e-06 -1.996970101396211907e-06 -1.758775094419835131e-06 -1.572892555557687129e-06 -1.432579696387295746e-06 -1.354841582686795273e-06 -1.300481929374977957e-06 -1.239636504396892348e-06 -1.210249649030105323e-06 -1.208414608006355069e-06 -1.188056663983463622e-06 -1.172535290367072849e-06 -1.209933986994996357e-06 -1.274640628109143410e-06 -1.303044730548100309e-06 -1.350253807309330348e-06 -1.479900363985836187e-06 -1.600261491183520401e-06 -1.667404132353590591e-06 -1.834470965047456074e-06 -2.116923024554142180e-06 -2.305340633960293629e-06 -2.483874837725222558e-06 -2.970732268476920996e-06 -3.549917627907471482e-06 -3.858569079939184158e-06 -4.497846589454857401e-06 -5.971883175509616532e-06 -7.177309613274929018e-06 -7.930790688079887536e-06 -1.094145432093489787e-05 -1.612285433252868766e-05 -1.875641135902187623e-05 -2.332516154991923918e-05 -4.386782873477406168e-05 -6.888508659617447415e-05 -7.508709324331228996e-05 -1.535044454633081943e-04 -4.639995933808474288e-04 -6.938641281675312581e-04 -5.894146541144579298e-04 -6.622188853205618342e-03 -1.186024744895073230e-01 4.081582352322849494e-01 -2.678577975421605828e+01 5.258140667616369228e+02 -2.629978666873293847e+01 4.518661390514511211e-01 -1.038878236862151999e-01 -4.861881786594444282e-03 -4.334656112616336603e-04 -4.805930201493961739e-04 -3.039191074031123794e-04 -9.423604394726228946e-05 -4.309293761678191774e-05 -3.726180132559343979e-05 -2.229969964806725581e-05 -1.152951012489865303e-05
-3.655438886393289852e-05 -5.739260245740366026e-06 -3.878550949227454035e-06 -2.841547838753673316e-06 -2.260203610087159845e-06 -1.869236357933764351e-06 -1.632884425092062958e-06 -1.483696023903090598e-06 -1.352877488521313913e-06 -1.251225228568489143e-06 -1.202404633319151948e-06 -1.170437448063184368e-06 -1.112178283081520372e-06 -1.071773491497328333e-06 -1.084401286025088853e-06 -1.089203183823737733e-06 -1.086377712152474536e-06 -1.130647003711815530e-06 -1.199485540805123210e-06 -1.233164818969306143e-06 -1.284201999352791416e-06 -1.413959613105579973e-06 -1.534982558396786403e-06 -1.604820751201552831e-06 -1.771308401530932712e-06 -2.050134631662225624e-06 -2.238338968369900274e-06 -2.417351265894254677e-06 -2.897839531696587991e-06 -3.469989402101831267e-06 -3.778528256549561243e-06 -4.412350180418289862e-06 -5.868416708358303882e-06 -7.063498626258565383e-06 -7.815745591039102724e-06 -1.079791093792112182e-05 -1.593178363718879720e-05 -1.855485170725485554e-05 -2.310027541154590722e-05 -4.349388521011880054e-05 -6.836394835411658665e-05 -7.458332989290158445e-05 -1.526230613432952765e-04 -4.617463792054240807e-04 -6.909956254441344380e-04 -5.873845147279557191e-04 -6.600763900096156406e-03 -1.184339283713479601e-01 4.086475643933767388e-01 -2.678078092354695272e+01 5.258142006845466767e+02 -2.630441729734764778e+01 4.514847649033041366e-01 -1.040135533253960659e-01 -4.875996713817856883e-03 -4.346318690842463479e-04 -4.821360375570381339e-04 -3.050233303618101973e-04 -9.462192906453934557e-05 -4.329147350412354745e-05 -3.743725656300472891e-05 -2.300928014137902346e-05
-3.330549427870897977e-05 -5.475592272775885205e-06 -3.704268696973641712e-06 -2.652458163432946468e-06 -2.116057516539900071e-06 -1.779725289796469341e-06 -1.535574315284716428e-06 -1.375303098519242845e-06 -1.273388404029720722e-06 -1.183691632973521354e-06 -1.113144467147720883e-06 -1.064983880158750429e-06 -1.019876131152585248e-06 -9.826234197106316930e-07 -9.717485765751556724e-07 -9.960113167406373959e-07 -1.010044100240615756e-06 -1.015120638135714092e-06 -1.063574669986491823e-06 -1.134853908655003606e-06 -1.172340580133120135e-06 -1.226129680566683344e-06 -1.355455272155689887e-06 -1.476628731939299092e-06 -1.548529424047076065e-06 -1.714159927679522909e-06 -1.989373362392480444e-06 -2.177107287902673426e-06 -2.356309049388465296e-06 -2.830676667765360356e-06 -3.396073946224479523e-06 -3.704282449361588641e-06 -4.332802642297668866e-06 -5.771856040382040180e-06 -6.957012990970195301e-06 -7.707862471974400714e-06 -1.066297390378140241e-05 -1.575176459535052945e-05 -1.836460183239604145e-05 -2.288761677435673228e-05 -4.313956911384434991e-05 -6.786935385818031673e-05 -7.410456563699376672e-05 -1.517840157166105985e-04 -4.595981301020687394e-04 -6.882574809667055434e-04 -5.854449932263212442e-04 -6.580261757751005615e-03 -1.182724213780651096e-01 4.091167151419873305e-01 -2.677597987955996928e+01 5.258143268829954877e+02 -2.630887138768773070e+01 4.511173241331872807e-01 -1.041347280924273672e-01 -4.889615156140506708e-03 -4.357583747636023779e-04 -4.836271655542648869e-04 -3.060914293049748504e-04 -9.500043249419043640e-05 -4.346331966897785975e-05 -3.879395109486207346e-05
-3.105724183737819827e-05 -5.169366692456745461e-06 -3.523782296790829541e-06 -2.508265586148392207e-06 -1.979968131019881780e-06 -1.676242471541104496e-06 -1.458665188131974549e-06 -1.290004258051497616e-06 -1.183193249376845940e-06 -1.117532830832266381e-06 -1.032875020628202100e-06 -9.504798364803109450e-07 -9.251075395879866310e-07 -9.138487752543152339e-07 -8.932299671975696388e-07 -8.932194540140698841e-07 -9.239398678418971161e-07 -9.439098369022561871e-07 -9.545584356211472927e-07 -1.005754212536989132e-06 -1.078482294374767467e-06 -1.118798211616921368e-06 -1.174596315949074182e-06 -1.303146159134414714e-06 -1.424119840332507255e-06 -1.497603381482681459e-06 -1.662189529162327269e-06 -1.933847789584436265e-06 -2.120923497530640196e-06 -2.300092130385546788e-06 -2.768590306791689763e-06 -3.327515623706638862e-06 -3.635223127563019072e-06 -4.258603449423339756e-06 -5.681532720117900893e-06 -6.857168544294030121e-06 -7.606493595093983062e-06 -1.053589329430448529e-05 -1.558186781970346012e-05 -1.818473801032928846e-05 -2.268621685413220500e-05 -4.280337838688481672e-05 -6.739933007057422173e-05 -7.364898798240543799e-05 -1.509843343962896873e-04 -4.575476888000908461e-04 -6.856410156614989706e-04 -5.835901610088701239e-04 -6.560624106475107520e-03 -1.181175216570336112e-01 4.095669096725022551e-01 -2.677136511093817717e+01 5.258144459398008621e+02 -2.631315884679869299e+01 4.507630674334912602e-01 -1.042515910676955065e-01 -4.902762849206076731e-03 -4.368471196123511926e-04 -4.850694152414684076e-04 -3.071333249261364680e-04 -9.533169897016180547e-05 -4.563216281805185996e-05
-3.051004585696900359e-05 -4.841458683203405946e-06 -3.286451622185803299e-06 -2.390343003680515630e-06 -1.885405837423932029e-06 -1.565114815918424179e-06 -1.369852957303381718e-06 -1.228794635185288152e-06 -1.114030137538726293e-06 -1.014575331573673578e-06 -9.337892221362687904e-07 -8.795654982024778344e-07 -8.395113679195509454e-07 -8.315381696632109907e-07 -8.321668350861243248e-07 -8.215812539936725298e-07 -8.285494629330611586e-07 -8.633717280411809447e-07 -8.874771719764388937e-07 -9.022498619945623115e-07 -9.552728206952121010e-07 -1.028805557216346127e-06 -1.071253856497166755e-06 -1.128522811706150115e-06 -1.256075186669873587e-06 -1.376604297164078225e-06 -1.451299665887612742e-06 -1.614716543614894835e-06 -1.882904426079572784e-06 -2.069184932773960686e-06 -2.248147911889100379e-06 -2.711024821836119037e-06 -3.263752279571705941e-06 -3.570825229072382047e-06 -4.189231133799463384e-06 -5.596862463917225335e-06 -6.763364182743807792e-06 -7.511067389859731813e-06 -1.041600404329802456e-05 -1.542126534253944809e-05 -1.801443448881442092e-05 -2.249520656859805640e-05 -4.248396022161376914e-05 -6.695209451254632708e-05 -7.321495535765365796e-05 -1.502213149887529869e-04 -4.555885334100262616e-04 -6.831383035531627670e-04 -5.818145951486000493e-04 -6.541797435709042000e-03 -1.179688319659723955e-01 4.099992734810614659e-01 -2.676692598268207846e+01 5.258145583838575021e+02 -2.631728885402748119e+01 4.504212982216949102e-01 -1.043643683222463814e-01 -4.915463739475578117e-03 -4.379004721340549067e-04 -4.864744998266527548e-04 -3.080979821039757957e-04 -9.801549657461306971e-05
-2.887884695524098737e-05 -4.603358016436149975e-06 -3.105238726933487921e-06 -2.252237987598871411e-06 -1.790809499837729047e-06 -1.484467291253432864e-06 -1.283902845684735875e-06 -1.159430771697235797e-06 -1.032156046490985668e-06 -9.058196063568464517e-07 -8.439335709001354481e-07 -8.121153437026544774e-07 -7.804265569647431654e-07 -7.559977730935375454e-07 -7.578498790095928180e-07 -7.658570262256846382e-07 -7.621690521796187930e-07 -7.740065085906187288e-07 -8.115523168716231821e-07 -8.386355052043489722e-07 -8.565393995513123140e-07 -9.107677581894835620e-07 -9.846659639733996311e-07 -1.028731608959175753e-06 -1.087070428870125630e-06 -1.213483296508641885e-06 -1.333395686941437982e-06 -1.409011747221839543e-06 -1.571178474339130116e-06 -1.835997052111332293e-06 -2.021383342058071903e-06 -2.200006720381926657e-06 -2.657504074420406726e-06 -3.204298721713551446e-06 -3.510633031960761064e-06 -4.124230512848869292e-06 -5.517332245430560046e-06 -6.675069631993184565e-06 -7.421077622335935292e-06 -1.030271440065431451e-05 -1.526921737216986418e-05 -1.785295108002350135e-05 -2.231380432527771843e-05 -4.218009344300775249e-05 -6.652603339741985943e-05 -7.280097800092620976e-05 -1.494924973380231520e-04 -4.537147098253627403e-04 -6.807420933475459698e-04 -5.801133270356996757e-04 -6.523732561483774374e-03 -1.178259862798831659e-01 4.104148447336324890e-01 -2.676265265428124707e+01 5.258146646959465897e+02 -2.632126992668888832e+01 4.500913680575637232e-01 -1.044732704244051985e-01 -4.927741355543025815e-03 -4.389410763093576340e-04 -4.877483039756154372e-04 -3.140765729938034393e-04
-2.647044710317991080e-05 -4.398629770503344995e-06 -2.983063312335619628e-06 -2.120600565055295907e-06 -1.680409778678592332e-06 -1.415986552803347013e-06 -1.224453364307474557e-06 -1.051231337024610387e-06 -9.139476528811918876e-07 -8.359284952841168088e-07 -7.729525789028898773e-07 -7.376671271658735303e-07 -7.226125596279326307e-07 -7.038762959809775831e-07 -6.893644473879009731e-07 -6.975903650597762687e-07 -7.105867699279413140e-07 -7.119019953184462182e-07 -7.272649469600410229e-07 -7.666405497975840316e-07 -7.959034764925568416e-07 -8.162225783673708621e-07 -8.712173140308138272e-07 -9.451737492784914428e-07 -9.904670391793692390e-07 -1.049571350025511700e-06 -1.174756731005897698e-06 -1.293931841454369650e-06 -1.370237721022563434e-06 -1.531105137972601286e-06 -1.792664693270695785e-06 -1.977086488722177958e-06 -2.155266422246499604e-06 -2.607617472809715734e-06 -3.148733876677251635e-06 -3.454249046088247424e-06 -4.063202571338575609e-06 -5.442489942811193422e-06 -6.591815527306296677e-06 -7.336074610488734582e-06 -1.019549657470225268e-05 -1.512506141295537908e-05 -1.769962290190605492e-05 -2.214130610667519114e-05 -4.189067412888351424e-05 -6.611968336916143770e-05 -7.240570216625727602e-05 -1.487956396826222349e-04 -4.519207750565823055e-04 -6.784457412862381900e-04 -5.784818012316203777e-04 -6.506384212035947433e-03 -1.176886468006736047e-01 4.108145825595405642e-01 -2.675853600694305001e+01 5.258147653137586985e+02 -2.632510997883989745e+01 4.497726725098893374e-01 -1.045784973947780083e-01 -4.939684632896785936e-03 -4.396825406794976974e-04 -5.051010548763745908e-04
-2.542929120965897001e-05 -4.150008694528966632e-06 -2.823164052416728739e-06 -2.023329039830864526e-06 -1.591186823290514155e-06 -1.338303592553294276e-06 -1.122616764933914907e-06 -9.282764675150094192e-07 -8.231232202943268585e-07 -7.632450877149545978e-07 -7.183236562079229942e-07 -6.779230525602400636e-07 -6.574242434898458296e-07 -6.524423785638475799e-07 -6.422445254478400989e-07 -6.345979118704080628e-07 -6.471958443696905842e-07 -6.636961918240915304e-07 -6.687503940642545456e-07 -6.867197925899038514e-07 -7.273145199638411733e-07 -7.581848762400275209e-07 -7.803865773804227056e-07 -8.358304904452773504e-07 -9.096272586601547474e-07 -9.558484165484067146e-07 -1.015484144330342779e-06 -1.139391558075501262e-06 -1.257746208896376804e-06 -1.334557358968707965e-06 -1.494099389394459881e-06 -1.752514657312135949e-06 -1.935923634829751292e-06 -2.113579995945739324e-06 -2.561008331975810716e-06 -3.096689772122333254e-06 -3.401324323959578828e-06 -4.005795357651551966e-06 -5.371934644812701927e-06 -6.513183968818627731e-06 -7.255656737043502683e-06 -1.009387720383139125e-05 -1.498820082611745398e-05 -1.755384969203429532e-05 -2.197707485927734950e-05 -4.161469929745994329e-05 -6.573171109686259798e-05 -7.202789335421836650e-05 -1.481286922658030334e-04 -4.502017351063306873e-04 -6.762431425251436883e-04 -5.769158370179704523e-04 -6.489710633714343251e-03 -1.175565012448643726e-01 4.111993743977452320e-01 -2.675456757876381531e+01 5.258148606366304421e+02 -2.632881637318283907e+01 4.494646420846983847e-01 -1.046803380527829286e-01 -4.950780371309966392e-03 -4.664297892479478424e-04
-2.484194800525713515e-05 -3.922589024926972034e-06 -2.651331366009466854e-06 -1.928225546093599832e-06 -1.530159447033450963e-06 -1.208093736913252567e-06 -9.662449663978365688e-07 -8.450631089390542587e-07 -7.548546778756108710e-07 -6.927506284816993862e-07 -6.586383386650994617e-07 -6.316455667057322122e-07 -6.049812888827750065e-07 -5.939450828034787203e-07 -5.955932314191468118e-07 -5.913672607890046201e-07 -5.886804723846234399e-07 -6.043647075467714885e-07 -6.233765001792453240e-07 -6.312802059553139083e-07 -6.512010745663486611e-07 -6.925844769449724645e-07 -7.246410635884125072e-07 -7.483204720619420751e-07 -8.039809662238954119e-07 -8.774627146234847747e-07 -9.243782604256386195e-07 -9.843636256276295255e-07 -1.106968973138884127e-06 -1.224447483603620518e-06 -1.301615410455796215e-06 -1.459822819150173714e-06 -1.715209861009610002e-06 -1.897574578364139624e-06 -2.074645906929066696e-06 -2.517364840663555623e-06 -3.047843131761529348e-06 -3.351550864604313408e-06 -3.951696573790168196e-06 -5.305309124804929808e-06 -6.438801373633469560e-06 -7.179463311360012760e-06 -9.997429283573674042e-06 -1.485809640739189195e-05 -1.741508746161028943e-05 -2.182052997961013237e-05 -4.135125327435793208e-05 -6.536089934637326327e-05 -7.166641975702257178e-05 -1.474897667390504485e-04 -4.485529970711949876e-04 -6.741286819043577081e-04 -5.754115590391832829e-04 -6.473673201171854449e-03 -1.174292605319690735e-01 4.115700425151444519e-01 -2.675073950602371298e+01 5.258149510301278724e+02 -2.633239597374813457e+01 4.491666576157844482e-01 -1.047783784167102689e-01 -4.985709296763772905e-03
-2.316573383432426252e-05 -3.758577140176099399e-06 -2.537011579980303617e-06 -1.831293752659675123e-06 -1.376536471711692038e-06 -1.036291877003364418e-06 -8.627832727863626355e-07 -7.604951601772485060e-07 -6.941565949833523614e-07 -6.387635466967426564e-07 -5.994552390818557653e-07 -5.801735959598418582e-07 -5.643858181609625813e-07 -5.468941305218470414e-07 -5.423036093831580481e-07 -5.485110792815894091e-07 -5.486070764472512580e-07 -5.496014375699685987e-07 -5.674997581319455400e-07 -5.883313131347288750e-07 -5.984373289835666636e-07 -6.198299832235729734e-07 -6.616926291817554816e-07 -6.946198968245802765e-07 -7.194642889253005935e-07 -7.751694680045342746e-07 -8.482260015238285392e-07 -8.956526361975091140e-07 -9.558457601355127757e-07 -1.077144175777927632e-06 -1.193711890575824261e-06 -1.271116960439186477e-06 -1.427993495099715408e-06 -1.680468653314899053e-06 -1.861771661117741727e-06 -2.038212142424938668e-06 -2.476426082264801216e-06 -3.001923743431295467e-06 -3.304672362882465397e-06 -3.900646824994750409e-06 -5.242316736337670868e-06 -6.368359643501951850e-06 -7.107199574208715533e-06 -9.905803204218040114e-06 -1.473430755392274359e-05 -1.728289909996219423e-05 -2.167120756564521670e-05 -4.109959192391049514e-05 -6.500626693356052223e-05 -7.132039697362203964e-05 -1.468773287585156196e-04 -4.469707112819056461e-04 -6.720977537784067436e-04 -5.739660192564403820e-04 -6.458237557276817926e-03 -1.173066606942126666e-01 4.119273442210941716e-01 -2.674704447672472796e+01 5.258150367675317511e+02 -2.633585628360178887e+01 4.488823097995176536e-01 -1.051281036585454964e-01
-2.164697524339443581e-05 -3.587431161163892418e-06 -2.452596195774439993e-06 -1.630682680264118818e-06 -1.132466533287290069e-06 -9.190553816429765152e-07 -7.825096892705722017e-07 -6.871173335596429679e-07 -6.286687888222544556e-07 -5.897607169289776259e-07 -5.541275720064940757e-07 -5.287852917842236840e-07 -5.189189442337275432e-07 -5.106089760851154643e-07 -4.995464677564533005e-07 -4.995104994260407520e-07 -5.089368847762574972e-07 -5.122334165794168368e-07 -5.160140762672801235e-07 -5.355166227969411613e-07 -5.576736655611693303e-07 -5.695012670773627494e-07 -5.920116218864327071e-07 -6.341326036037033511e-07 -6.676935728326166110e-07 -6.934629875819113168e-07 -7.490932821553252361e-07 -8.216535409365197868e-07 -8.694513244387501811e-07 -9.297515601943429400e-07 -1.049765173032891423e-06 -1.165411725120060530e-06 -1.242968590210642892e-06 -1.398549877776175482e-06 -1.648248875290745013e-06 -1.828497352018614473e-06 -2.004302918355952697e-06 -2.438253186270389251e-06 -2.959014848585537818e-06 -3.260815436343012199e-06 -3.852850738030930907e-06 -5.183222264813609942e-06 -6.302163776281266905e-06 -7.039293316925225512e-06 -9.819626595591907458e-06 -1.461757638303636737e-05 -1.715815754425641936e-05 -2.153049017293129946e-05 -4.086173762403310262e-05 -6.467004202435350918e-05 -7.099296793795304285e-05 -1.462976680118783829e-04 -4.454634158596865851e-04 -6.701590692649465669e-04 -5.726043266779492266e-04 -6.443457856927345580e-03 -1.171885822815094125e-01 4.122718804909158985e-01 -2.674347695327695718e+01 5.258150947683715231e+02 -2.633911932527081490e+01 4.432440985010295265e-01
-2.114572358685068329e-05 -3.426029793841298399e-06 -2.133092184713552393e-06 -1.309841821175045840e-06 -9.861288337769547932e-07 -8.075183677657034108e-07 -7.033484601430111705e-07 -6.277258499328982657e-07 -5.699977350291416239e-07 -5.350588657623867614e-07 -5.121497048151836896e-07 -4.889633632455284633e-07 -4.728136403212026018e-07 -4.692497505172445234e-07 -4.661395166148362372e-07 -4.597293496866645390e-07 -4.629878787383259272e-07 -4.747241824949195857e-07 -4.804245987565036142e-07 -4.863297749252066919e-07 -5.069841712507455160e-07 -5.300938655401138363e-07 -5.432558281929949903e-07 -5.665858324310759926e-07 -6.087801386295802669e-07 -6.427658951253284403e-07 -6.692250336865317969e-07 -7.246454235189749036e-07 -7.966233215318305195e-07 -8.446228975647634287e-07 -9.048687037067031814e-07 -1.023556094080386610e-06 -1.138209483646430508e-06 -1.215725486086379763e-06 -1.369905992877489005e-06 -1.616844347777087888e-06 -1.795889312535111809e-06 -1.970792713848491937e-06 -2.400451593095793272e-06 -2.916482746653906294e-06 -3.216918795423458193e-06 -3.804623073261795558e-06 -5.123822525659365432e-06 -6.235366779074729831e-06 -6.969545770081263227e-06 -9.731136669927020622e-06 -1.449893160526378171e-05 -1.702924153610590395e-05 -2.138152419739786130e-05 -4.061632511197792617e-05 -6.432579367352196903e-05 -7.063971271221010330e-05 -1.456773795086377399e-04 -4.439395422079612206e-04 -6.681541300777104437e-04 -5.708856698480450128e-04 -6.428544350203111747e-03 -1.170740132068303074e-01 4.126099787759208160e-01 -2.673992903048111458e+01 5.258148282110981881e+02 -2.631979345687341620e+01
-2.142076138070401995e-05 -2.970778124545661008e-06 -1.648030778269220089e-06 -1.146882408258576405e-06 -9.021812100582291124e-07 -7.491187670188711012e-07 -6.533809598934674286e-07 -5.943325603028783596e-07 -5.479336934965481965e-07 -5.100553712264606040e-07 -4.879392421072630283e-07 -4.744220909087312973e-07 -4.591822369601344222e-07 -4.488765996493033540e-07 -4.493758157189896539e-07 -4.501573246757002408e-07 -4.473758319124469106e-07 -4.530587098285617367e-07 -4.668489375319934786e-07 -4.751425842512070044e-07 -4.831946480713871429e-07 -5.051564508283152579e-07 -5.300904998293103322e-07 -5.455999967287588787e-07 -5.703837039378540850e-07 -6.138108616184861618e-07 -6.502736961261121141e-07 -6.791439163702484207e-07 -7.357861232772030376e-07 -8.099985317997643186e-07 -8.618478449042125077e-07 -9.246372375810940189e-07 -1.045211639795001768e-06 -1.164914257319806187e-06 -1.248384555746115925e-06 -1.405473117160193123e-06 -1.657648727155450516e-06 -1.848157175365869022e-06 -2.031856667606874136e-06 -2.466739087606039416e-06 -3.000016822801557765e-06 -3.325991122776842913e-06 -3.926250662786819031e-06 -5.264971209505761308e-06 -6.436564847567070333e-06 -7.227389255179394933e-06 -1.001154476419027150e-05 -1.488998401937415002e-05 -1.765604832805216367e-05 -2.213134092717348770e-05 -4.149963689971246399e-05 -6.608537409373636384e-05 -7.363540101875052355e-05 -1.488150587034589003e-04 -4.499751564315351252e-04 -6.888592524440097058e-04 -6.040787203792628325e-04 -6.444972728469569589e-03 -1.172866910453371769e-01 4.070500995160579727e-01 -2.671614882165296834e+01 5.244742027253774950e+02
