5.062992577204610143e+02 -3.202639429553246231e+01 -2.504933928458306092e-01 -2.672062248851751476e-01 -2.131173522965154610e-02 -1.100407841705422669e-03 -2.352191237477023727e-03 -1.571325871847916930e-03 -4.186366865467013878e-04 -2.026042587365990677e-04 -2.281324055996729653e-04 -1.322334628999256856e-04 -5.578055118581030252e-05 -5.114383471905527067e-05 -4.666826209699381507e-05 -2.665130952293307088e-05 -1.745812145385114146e-05 -1.773845243591152859e-05 -1.406991630337026533e-05 -8.903658399043712357e-06 -7.662116736330056997e-06 -7.363774170022752808e-06 -5.490178272835819425e-06 -4.076730237502181869e-06 -3.901023985522194625e-06 -3.468453212473204714e-06 -2.617720928584240600e-06 -2.239088449149377866e-06 -2.155639831682526358e-06 -1.820583175006867151e-06 -1.502568845409804473e-06
-2.237822969555050534e+01 5.246076050846002090e+02 -2.889040406424575025e+01 2.029249839895128638e-01 -1.720302903930032989e-01 -1.289496859506599966e-02 -1.425962610832498968e-03 -1.426640203044158379e-03 -9.252588444974278086e-04 -3.376098079586011187e-04 -1.726609750578461677e-04 -1.445326610317785275e-04 -9.297203983794825150e-05 -5.224769880078829486e-05 -3.958206990778174051e-05 -3.229389728562555192e-05 -2.233383991615893970e-05 -1.598035922140335848e-05 -1.344311781168437341e-05 -1.088572063055001438e-05 -8.178614888271010456e-06 -6.639654288106525746e-06 -5.740755930135245078e-06 -4.697959475410145440e-06 -3.794490347783209942e-06 -3.278425357617328836e-06 -2.855217811643848080e-06 -2.389524331393943178e-06 -2.041394820181961635e-06 -1.811638482770465603e-06 -1.269634043149155325e-06
5.546736376593317530e-01 -2.473748276028112514e+01 5.254277385118040229e+02 -2.800471718380667596e+01 2.929092580241367538e-01 -1.508415218451169548e-01 -1.035455067698760022e-02 -1.009945297509577461e-03 -1.152273202809490438e-03 -7.621468225149272656e-04 -2.612821328028741628e-04 -1.355913375450038395e-04 -1.219465985792870627e-04 -7.624389295112438743e-05 -4.113994022821063041e-05 -3.338812164391316968e-05 -2.783654364437257732e-05 -1.835704628586988911e-05 -1.327772532877696842e-05 -1.181957824289269389e-05 -9.418902644216460538e-06 -6.855383776357445422e-06 -5.790035071454857008e-06 -5.134008853395107122e-06 -4.073038989067398081e-06 -3.281262314452678248e-06 -2.949747016101550127e-06 -2.564844755803652393e-06 -2.090647665783693038e-06 -1.551505403207870463e-06 -1.232643707289260381e-06
-6.114161308584895038e-02 5.326732003576097885e-01 -2.529671109279170338e+01 5.256233516269074926e+02 -2.760916486605498932e+01 3.316697866104492132e-01 -1.405230195579408314e-01 -9.172248250134462655e-03 -8.730833819362353266e-04 -9.938972340539169691e-04 -6.649583601123793680e-04 -2.305780887142502747e-04 -1.165087321027930646e-04 -1.038649135151808252e-04 -6.671157535388898133e-05 -3.645130830008995270e-05 -2.860588156273194724e-05 -2.403839228523197349e-05 -1.641088855478733540e-05 -1.174826651948403022e-05 -1.021773439578203498e-05 -8.345832406112453598e-06 -6.210341892612030846e-06 -5.117711903967403760e-06 -4.520886873497232392e-06 -3.694468380092501100e-06 -2.981956435307566597e-06 -2.620544629242356186e-06 -2.086474734614026772e-06 -1.541478601300845103e-06 -1.251465526522736741e-06
-1.109875950270918128e-03 -7.756619391358161864e-02 5.117294303997423910e-01 -2.559152982263696074e+01 5.257010966566136858e+02 -2.738229437379009923e+01 3.533754711738987253e-01 -1.345190472010669713e-01 -8.456547634076804973e-03 -7.866548903844111868e-04 -9.102558887458417911e-04 -6.075249763718600093e-04 -2.072180603281057994e-04 -1.049311068700545154e-04 -9.421797288609778313e-05 -5.975421517665258932e-05 -3.249915519299833308e-05 -2.595326497162133537e-05 -2.170152166549662876e-05 -1.462705956617732060e-05 -1.060753505619554919e-05 -9.323597521097572885e-06 -7.518259224616487495e-06 -5.583016074226324901e-06 -4.684867606246459740e-06 -4.134919641042086095e-06 -3.337310210564321498e-06 -2.527379345221244658e-06 -2.093257805224408750e-06 -1.727943389247200171e-06 -1.375241406221905946e-06
-9.967715611064996168e-05 -2.474341867398534203e-03 -8.511314255876692436e-02 4.973595613115314173e-01 -2.577278382057622963e+01 5.257398796566651527e+02 -2.723501491433438915e+01 3.673118938365936836e-01 -1.305439029215874347e-01 -7.992151399623550687e-03 -7.334243119402358933e-04 -8.516928741405311492e-04 -5.694067197774007162e-04 -1.930771504301554418e-04 -9.645210177128778531e-05 -8.691652220556927934e-05 -5.540114725497481571e-05 -2.991448472042839210e-05 -2.370320078181700107e-05 -1.998329033633266483e-05 -1.353499417527057170e-05 -9.715440537687717232e-06 -8.533427390391728118e-06 -6.956735624139757343e-06 -5.164702390771379629e-06 -4.292075040999437935e-06 -3.641694298274364210e-06 -2.816160369152693307e-06 -2.177094342908768410e-06 -1.851298379156580509e-06 -1.605465435258175007e-06
-1.638806026567592232e-04 -3.254354009245899720e-04 -3.075167624275017275e-03 -8.966050312608714323e-02 4.872246615300895867e-01 -2.589570505968650593e+01 5.257620415187786875e+02 -2.713158068265555656e+01 3.770103245800365821e-01 -1.277168947778148100e-01 -7.658565651826246615e-03 -6.972886054580054640e-04 -8.117343150477325216e-04 -5.415082617417603253e-04 -1.823486299424103652e-04 -9.081284824603809078e-05 -8.179746155519600291e-05 -5.188976397336792954e-05 -2.797362338493032026e-05 -2.221759964810242756e-05 -1.865231533544317225e-05 -1.259609994962303859e-05 -9.087020368185180641e-06 -7.979562385678280308e-06 -6.468288787004815018e-06 -4.661069210347519884e-06 -3.764147439694481381e-06 -3.255897415964712583e-06 -2.554386848183947385e-06 -1.980969399881241882e-06 -1.768902167125800953e-06
-1.017295405520571235e-04 -2.832677564354027294e-04 -3.333921509167139764e-04 -3.482876668178849257e-03 -9.283172932603822591e-02 4.797661507237228617e-01 -2.598455424710657624e+01 5.257758843382565601e+02 -2.705492486856564582e+01 3.841581087247723514e-01 -1.256003645005583924e-01 -7.410081697623063270e-03 -6.705073959798353838e-04 -7.814495740149744740e-04 -5.209175211003064330e-04 -1.744615018108098875e-04 -8.629732442781279779e-05 -7.789061907181100053e-05 -4.938155892290103791e-05 -2.644935727994196344e-05 -2.097434636321873167e-05 -1.766958626972934729e-05 -1.191095224849208926e-05 -8.544805558786381955e-06 -7.382412687740535285e-06 -5.881054016105444974e-06 -4.260750212298305689e-06 -3.476777291104790047e-06 -3.022095458068560624e-06 -2.373720236510040425e-06 -1.927000719737043282e-06
-2.448453245931170649e-05 -1.674803410885218093e-04 -3.369921546275770068e-04 -3.565077275888424674e-04 -3.767884706938762294e-03 -9.515832072158131316e-02 4.740480689714142160e-01 -2.605178985457486718e+01 5.257851149233532624e+02 -2.699582777255756838e+01 3.896427208496033301e-01 -1.239544890784570613e-01 -7.216397430182804572e-03 -6.505263903042782757e-04 -7.581564070326422475e-04 -5.045854539769578000e-04 -1.683014613938428237e-04 -8.294542772765586510e-05 -7.479440839427872441e-05 -4.731707966927668367e-05 -2.529335023096182289e-05 -2.003389492597359054e-05 -1.684280838830507952e-05 -1.121584499911618551e-05 -7.925877980385640504e-06 -6.902357937716830817e-06 -5.529430597171358025e-06 -4.004617351374484808e-06 -3.272473453517076510e-06 -2.848484973884621663e-06 -2.331170354626038289e-06
-9.939725139813466431e-06 -5.415017339313881757e-05 -2.039319102279287519e-04 -3.646339864243862416e-04 -3.700117233742334570e-04 -3.989523421195281805e-03 -9.694483832653119637e-02 4.695350302098424966e-01 -2.610444859240887538e+01 5.257915755963775837e+02 -2.694887017290640330e+01 3.939857206403701850e-01 -1.226379926659521835e-01 -7.061531008471231760e-03 -6.345924370486949895e-04 -7.395550562751603430e-04 -4.916182666956269353e-04 -1.633392798115938197e-04 -8.018531616949724564e-05 -7.234556568002895483e-05 -4.569175344122308746e-05 -2.431957950452837770e-05 -1.913633610563910675e-05 -1.600050304131068647e-05 -1.064990648881314836e-05 -7.533681172419839784e-06 -6.572272798818724637e-06 -5.267387904841437361e-06 -3.811461698613640248e-06 -3.113266572050863677e-06 -2.826039632576269874e-06
-1.017752006814282322e-05 -2.446085139995980042e-05 -6.285475794826155904e-05 -2.245979412323839350e-04 -3.887500996290510383e-04 -3.818337027213808562e-04 -4.162376481316613051e-03 -9.836080214008859068e-02 4.658818386484054330e-01 -2.614680961273190007e+01 5.257962749290934426e+02 -2.691065773972196951e+01 3.975097299300935916e-01 -1.215602120901725647e-01 -6.934707180899632971e-03 -6.218729679451873117e-04 -7.243322650577689766e-04 -4.808946596049416778e-04 -1.593161052488616591e-04 -7.796814717287738321e-05 -7.029495053346442686e-05 -4.422689447373686592e-05 -2.336056895549333797e-05 -1.839693369900609308e-05 -1.540924593821810525e-05 -1.023978380464409984e-05 -7.233289548970585033e-06 -6.313928374221020996e-06 -5.060285679374258861e-06 -3.655064779181780244e-06 -3.123604946386161037e-06
-5.552441343995737339e-06 -1.897947222868649202e-05 -2.928757057100100187e-05 -7.066739089832467470e-05 -2.403152498315990447e-04 -4.061075243221025062e-04 -3.920037997869216750e-04 -4.303138805850290766e-03 -9.951078608176516793e-02 4.628659385250001868e-01 -2.618162661940041858e+01 5.257997995824741793e+02 -2.687895363962668682e+01 4.004266505315533520e-01 -1.206616975026420790e-01 -6.828893401331870457e-03 -6.113233786748154507e-04 -7.116949967255822981e-04 -4.719632446282069540e-04 -1.559255322478792156e-04 -7.600535996417575083e-05 -6.843273514871482340e-05 -4.300166988120774562e-05 -2.265785072495334990e-05 -1.783269753289767483e-05 -1.493604474271751198e-05 -9.910245983910581638e-06 -6.990831191959394632e-06 -6.103814233724805428e-06 -4.887430751547664665e-06 -3.680200755275299497e-06
-2.173918823339553743e-06 -1.135381786876862020e-05 -2.447133077733639571e-05 -3.243528062792937243e-05 -7.501038078793659822e-05 -2.528602472455892245e-04 -4.209762062995684004e-04 -4.003701176082104327e-04 -4.419172831779222613e-03 -1.004641026539600246e-01 4.603339989839047575e-01 -2.621075060813043933e+01 5.258025110780777140e+02 -2.685222498352039366e+01 4.028809805249794485e-01 -1.199008865160534759e-01 -6.739301377018087381e-03 -6.025126727344395873e-04 -7.009731602444302725e-04 -4.642711994659034710e-04 -1.529166136283222109e-04 -7.434833457943078436e-05 -6.694617267951068380e-05 -4.201324024868106937e-05 -2.208435729376968850e-05 -1.736800358565414001e-05 -1.454289558529301633e-05 -9.636463725096073440e-06 -6.789896608514846500e-06 -5.924497547200207547e-06 -4.924081238007849370e-06
-1.779787686556446755e-06 -5.848846661328248538e-06 -1.427135531173856916e-05 -2.701000544955720826e-05 -3.480386520555427430e-05 -7.901158374446183238e-05 -2.628322785386976476e-04 -4.330949514142583821e-04 -4.078074898160781534e-04 -4.516815335086830224e-03 -1.012670615424426518e-01 4.581784894068367531e-01 -2.623547314651620965e+01 5.258046417248190210e+02 -2.682938508541361244e+01 4.049746535627576915e-01 -1.192483828209993796e-01 -6.662397362241489866e-03 -5.949159525272492473e-04 -6.916546504823381210e-04 -4.576602493443095014e-04 -1.504240161377106560e-04 -7.297899821628443015e-05 -6.568998750755432640e-05 -4.117715762499719732e-05 -2.160146805752196568e-05 -1.697515225727611881e-05 -1.420899930952486626e-05 -9.405038578109410107e-06 -6.614724704514028084e-06 -6.015649351566817963e-06
-1.522393538791854559e-06 -4.097667746752042710e-06 -7.129881105445943029e-06 -1.623622311647543798e-05 -2.931005991210449530e-05 -3.642170251618281597e-05 -8.205097451644051431e-05 -2.713701236593930540e-04 -4.434605874954739404e-04 -4.141121356707728020e-04 -4.600051248760294448e-03 -1.019529612994184570e-01 4.563214052151308153e-01 -2.625672211442044812e+01 5.258063463382056852e+02 -2.680964256987236993e+01 4.067817919674975857e-01 -1.186824288687660933e-01 -6.595558043473369499e-03 -5.883769442667302835e-04 -6.836612763610906002e-04 -4.519613824060100880e-04 -1.482820891845757004e-04 -7.180657133828761724e-05 -6.460768244729164376e-05 -4.045680983187027816e-05 -2.118712121077031172e-05 -1.663733730581901823e-05 -1.392206508653556862e-05 -9.199762118834320260e-06 -6.763155508669137251e-06
-8.306468008560734117e-07 -3.157306506580156078e-06 -5.385425993188062371e-06 -8.256128786390711367e-06 -1.746481577974312552e-05 -3.090515164563346543e-05 -3.792825242598397149e-05 -8.469178400710842658e-05 -2.784909136827849198e-04 -4.523585557837063106e-04 -4.197231210716397942e-04 -4.671848474918005242e-03 -1.025456033031823949e-01 4.547048123123479391e-01 -2.627518181573762490e+01 5.258077314585426620e+02 -2.679240704910125004e+01 4.083575501816627540e-01 -1.181869206005789208e-01 -6.537095581770479592e-03 -5.827312934561128862e-04 -6.766841984762583112e-04 -4.469740549952185503e-04 -1.464146702354034569e-04 -7.078749666012857668e-05 -6.366297111785257032e-05 -3.982811713520939491e-05 -2.082676492684880435e-05 -1.634431909415868354e-05 -1.366485944099181000e-05 -9.358499211063955276e-06
-5.070596041789591971e-07 -2.056045522016818315e-06 -4.239470085210171355e-06 -6.067282502869767068e-06 -8.885395349912022026e-06 -1.857164849855812584e-05 -3.228020919166974694e-05 -3.907972875590372296e-05 -8.694960839307960539e-05 -2.847101986189930277e-04 -4.600728563108544820e-04 -4.246236228888301454e-04 -4.734460667642648862e-03 -1.030629050605379737e-01 4.532849276716852116e-01 -2.629136767009080344e+01 5.258088723275303664e+02 -2.677722943461470706e+01 4.097435345190560407e-01 -1.177494947777872475e-01 -6.485480929622460672e-03 -5.777856728966235516e-04 -6.705335501496211296e-04 -4.425680628511238909e-04 -1.447695169231013788e-04 -6.989191248460327032e-05 -6.282999169941818642e-05 -3.927390353563136563e-05 -2.051173914688170875e-05 -1.607747560878255367e-05 -1.390575253842883109e-05
-4.777670183440094134e-07 -1.375702649628551589e-06 -2.642613496010053593e-06 -4.828840408514502507e-06 -6.672426887745181970e-06 -9.419611756374071207e-06 -1.936847970846713763e-05 -3.343368793933032860e-05 -4.014866483152344079e-05 -8.889724917273524659e-05 -2.900858876485829852e-04 -4.668649247370941307e-04 -4.289996993882317397e-04 -4.789504922079946235e-03 -1.035183042395053377e-01 4.520280162964571136e-01 -2.630567560755106271e+01 5.258098230445168610e+02 -2.676376186012564062e+01 4.109721245091614850e-01 -1.173604676472653624e-01 -6.439568105534631930e-03 -5.734133853583894521e-04 -6.650676491693303591e-04 -4.386452148684796023e-04 -1.433079031423551883e-04 -6.909782398796655530e-05 -6.208949910506980857e-05 -3.878385394349520522e-05 -2.021916064583884274e-05 -1.653679487197395187e-05
-3.620616885285457363e-07 -1.095386084695615061e-06 -1.799722589533767122e-06 -3.121746987973591939e-06 -5.296745014799853700e-06 -7.045353611988898144e-06 -9.844281683744528905e-06 -2.010675561233128713e-05 -3.441250923721667353e-05 -4.104383718163621665e-05 -9.063219668621573110e-05 -2.948371591429903402e-04 -4.728508377816331037e-04 -4.328355600769613295e-04 -4.838201621312677829e-03 -1.039223691670015520e-01 4.509074142283831521e-01 -2.631841463530588854e+01 5.258106236783746681e+02 -2.675173064566204317e+01 4.120686985741826014e-01 -1.170122131940501409e-01 -6.398457402550348713e-03 -5.695184527542509513e-04 -6.601766181120923829e-04 -4.351289853384983602e-04 -1.420000173736955091e-04 -6.838857133875642612e-05 -6.142960861920879331e-05 -3.832884720996803600e-05 -2.078921523294481965e-05
-2.199468076777959948e-07 -8.465081533882285496e-07 -1.518781049722007859e-06 -2.112155720782763655e-06 -3.390510200064138316e-06 -5.652769463180135305e-06 -7.403817691272415181e-06 -1.018651533458448634e-05 -2.070619030076682827e-05 -3.528908531821300519e-05 -4.185644170957137879e-05 -9.215051937566671851e-05 -2.989810313638830916e-04 -4.780948071161727044e-04 -4.362851212916711119e-04 -4.881728430637458961e-03 -1.042833646403650144e-01 4.499021386814944790e-01 -2.632982942534907878e+01 5.258113042461952773e+02 -2.674091758226565929e+01 4.130534534187042528e-01 -1.166986314118077656e-01 -6.361430362689629581e-03 -5.660258408790490650e-04 -6.557733786473976274e-04 -4.319585315864509921e-04 -1.408225673408870803e-04 -6.775487785727232315e-05 -6.081482888223204764e-05 -3.896535904378772651e-05
-1.776802264485586978e-07 -6.037299664572186467e-07 -1.155107296293105756e-06 -1.747864509804818447e-06 -2.331668916901963410e-06 -3.644547450069388061e-06 -5.928957138572009457e-06 -7.671333410387949983e-06 -1.049969252540615348e-05 -2.124946505759192292e-05 -3.604533561192581462e-05 -4.251617802216097494e-05 -9.342326943452345571e-05 -3.026833878318915361e-04 -4.828555195373951717e-04 -4.394354088210915190e-04 -4.920833066604615377e-03 -1.046078197403278592e-01 4.489952723141514834e-01 -2.634011629346099426e+01 5.258118876150149390e+02 -2.673114654120349343e+01 4.139426645237787583e-01 -1.164147832825054435e-01 -6.327905711084941785e-03 -5.628757572714911811e-04 -6.517878405787796764e-04 -4.290851185828178840e-04 -1.397642163806633994e-04 -6.714579749893962986e-05 -6.221533214892011640e-05
-1.620228004906756614e-07 -4.652310653736205052e-07 -8.015529425148138725e-07 -1.364696047330762122e-06 -1.954171655423577092e-06 -2.487867738205280132e-06 -3.820170318993837710e-06 -6.177404633397196306e-06 -7.917916730703993171e-06 -1.075684022383871337e-05 -2.166956738447627082e-05 -3.664134575789900015e-05 -4.310992680427126462e-05 -9.462243033091240045e-05 -3.060423375050763716e-04 -4.871626607593129016e-04 -4.423045574785236024e-04 -4.956152385399292468e-03 -1.049010191123806862e-01 4.481730473421943195e-01 -2.634943457366667374e+01 5.258123914544361241e+02 -2.672227379390698587e+01 4.147495943580042921e-01 -1.161566265552873567e-01 -6.297407862863678603e-03 -5.600198285645461085e-04 -6.481634247218850432e-04 -4.264804764279919703e-04 -1.387425995376205523e-04 -6.972631945065638724e-05
-1.166451302790346674e-07 -3.855762344527856305e-07 -6.450305453615003389e-07 -9.695358355831585375e-07 -1.508868292526937114e-06 -2.088459012664965297e-06 -2.627310812667402319e-06 -3.981264685958575339e-06 -6.375385770232429047e-06 -8.077059720261016302e-06 -1.091152515644050948e-05 -2.204495198615700005e-05 -3.722765940986559971e-05 -4.367621600750591550e-05 -9.571980882180678124e-05 -3.090870118875464387e-04 -4.910729651202028895e-04 -4.449248884344255534e-04 -4.988209432564690189e-03 -1.051672756768258915e-01 4.474241475905451626e-01 -2.635791493502134131e+01 5.258128295930116565e+02 -2.671418088766902699e+01 4.154851589913728382e-01 -1.159208207190598611e-01 -6.269543784235687492e-03 -5.574190816711636172e-04 -6.448659799470399636e-04 -4.240288620823511024e-04 -1.413392971687214166e-04
-8.312987257902530662e-08 -3.028773927550554779e-07 -5.480800834420311894e-07 -7.634983054952268851e-07 -1.072266854425413327e-06 -1.632893860538279729e-06 -2.209255102734735587e-06 -2.728928498582752391e-06 -4.066747828711335542e-06 -6.479898269944085946e-06 -8.217160733696115857e-06 -1.109694255748701145e-05 -2.241014634595951452e-05 -3.776999823033860967e-05 -4.419930867835215394e-05 -9.672285009983614659e-05 -3.118568316444530141e-04 -4.946370791613220567e-04 -4.473258282331665022e-04 -5.017435930308723063e-03 -1.054101434350473432e-01 4.467391868443161274e-01 -2.636566555093789432e+01 5.258132129786373525e+02 -2.670676932250521673e+01 4.161584250961913312e-01 -1.157045809277041370e-01 -6.243987165335556332e-03 -5.550681394601308678e-04 -6.417114352888585562e-04 -4.289003001754100445e-04
-7.548452715570875186e-08 -2.338565696767783976e-07 -4.178689398428208492e-07 -6.477440132941165745e-07 -8.616273987834439650e-07 -1.162151946210914412e-06 -1.720363639365745650e-06 -2.261664826000482783e-06 -2.751359185373479799e-06 -4.138884406581466793e-06 -6.614783193709433383e-06 -8.367636447385238115e-06 -1.127586640704525921e-05 -2.274889408381548418e-05 -3.826849282128883033e-05 -4.468104433300467586e-05 -9.764148493648623986e-05 -3.143864135077725059e-04 -4.978982632664833569e-04 -4.495329916165555694e-04 -5.044190923164215690e-03 -1.056325772731907114e-01 4.461103145766361355e-01 -2.637277674096876012e+01 5.258135503697346849e+02 -2.669995651927198566e+01 4.167769856811469054e-01 -1.155055709605966596e-01 -6.220547039737026919e-03 -5.525269269675974230e-04 -6.603914219258021035e-04
-6.458499298979228027e-08 -1.939042629798676827e-07 -3.230453795399201785e-07 -5.090962365280951091e-07 -7.312834517549969868e-07 -9.267280168471851388e-07 -1.190382912051343456e-06 -1.733596776000530842e-06 -2.302435296386949530e-06 -2.808004386331739262e-06 -4.225099369340763197e-06 -6.746017048329323324e-06 -8.510870130795872976e-06 -1.144378924838082811e-05 -2.306139186291619180e-05 -3.872669153934073981e-05 -4.512500359880127588e-05 -9.848517838187936639e-05 -3.167052767818456772e-04 -5.008931903891263157e-04 -4.515684535482745229e-04 -5.068775299131675349e-03 -1.058370540833250967e-01 4.455309143813960260e-01 -2.637932450881140767e+01 5.258138488406858642e+02 -2.669367272692941384e+01 4.173472421681039823e-01 -1.153219356551153929e-01 -6.198268638775190562e-03 -5.836063705312487726e-04
-4.728775206600680267e-08 -1.630107928810576680e-07 -2.790791616648915968e-07 -3.948955415791197021e-07 -5.684942209925379997e-07 -7.570444957957799976e-07 -9.240823610936783914e-07 -1.208032379027336452e-06 -1.777140591691067993e-06 -2.357582567339677642e-06 -2.867194680350389178e-06 -4.308861325228541924e-06 -6.869424667894927202e-06 -8.644837023039194708e-06 -1.160013338020734993e-05 -2.334961449326857888e-05 -3.914862273826398965e-05 -4.553491496870905564e-05 -9.926235237979367870e-05 -3.188384867491182240e-04 -5.036529958193021765e-04 -4.534511924637154895e-04 -5.091443005143352074e-03 -1.060256657385953427e-01 4.449953706937399556e-01 -2.638537327030661572e+01 5.258141141566552506e+02 -2.668785862982898394e+01 4.178745327679901367e-01 -1.151512370885600101e-01 -6.207403226064552720e-03
-3.883169033482555328e-08 -1.314549188481458710e-07 -2.341624043905025827e-07 -3.342456098180885329e-07 -4.142597709762238595e-07 -5.647668559236060169e-07 -7.707936537367627556e-07 -9.488793785744241588e-07 -1.239766716079091002e-06 -1.822942944940365260e-06 -2.412118444609878277e-06 -2.924476723703462626e-06 -4.387936684293172964e-06 -6.984377162908333091e-06 -8.769522644007587763e-06 -1.174543262940392027e-05 -2.361589458210667825e-05 -3.953818236695915312e-05 -4.591435878991892558e-05 -9.998050128194153560e-05 -3.208076588962304842e-04 -5.062046722901369792e-04 -4.551980983188697299e-04 -5.112411074755194088e-03 -1.062001948544959301e-01 4.444988810497461085e-01 -2.639097798640827364e+01 5.258143509920498673e+02 -2.668246471021110366e+01 4.183689052605846781e-01 -1.153044980421396998e-01
-3.585809307986913450e-08 -1.080976250003200022e-07 -1.842814630556788038e-07 -2.568629586999789965e-07 -3.310866184693939976e-07 -4.208763897782286970e-07 -5.839296091862039669e-07 -7.963920949664071257e-07 -9.765839598999022443e-07 -1.272305268292808202e-06 -1.867396468545288900e-06 -2.464162881545156737e-06 -2.978939491285792065e-06 -4.462322355987609418e-06 -7.091726015730248530e-06 -8.886104199765622937e-06 -1.188148357286316956e-05 -2.386399041031251394e-05 -3.990072770414108727e-05 -4.626903742322856531e-05 -1.006512419311860179e-04 -3.226396938769316596e-04 -5.085808124181191194e-04 -4.568452429203983091e-04 -5.131934750896387058e-03 -1.063622727618874358e-01 4.440372284351838394e-01 -2.639618696067281789e+01 5.258145398838490792e+02 -2.667734870343402775e+01 4.130301135620298991e-01
-2.943728353683698992e-08 -9.271592702972481580e-08 -1.316691000084947658e-07 -1.836177758372105162e-07 -2.643122976388038038e-07 -3.456393810925994893e-07 -4.371698389078294098e-07 -6.047619024238231933e-07 -8.218102348275746683e-07 -1.003162131852856238e-06 -1.302735303299935305e-06 -1.908277689537189850e-06 -2.511642820661039039e-06 -3.028103252516436631e-06 -4.529133323756072027e-06 -7.188329937630298316e-06 -8.990074146748806491e-06 -1.200108998165970414e-05 -2.408508461694127564e-05 -4.022516154333108889e-05 -4.657644407293897321e-05 -1.012360542626705061e-04 -3.242932186437041280e-04 -5.106971952335148538e-04 -4.580972676592219637e-04 -5.149609110954484620e-03 -1.065125959973884651e-01 4.436111637368609917e-01 -2.640095424091056486e+01 5.258143862386100409e+02 -2.665186413879024130e+01
-2.337448571006763744e-08 -6.269690214163698226e-08 -1.013949668263480170e-07 -1.438331256775892654e-07 -2.033245237333591862e-07 -2.899338302027677492e-07 -3.770755340567017468e-07 -4.740212841474328123e-07 -6.502881088853788706e-07 -8.804775354108156499e-07 -1.074833400505328946e-06 -1.387986048444388094e-06 -2.019289887400907614e-06 -2.661519146465561970e-06 -3.213024584278232760e-06 -4.758962562173319056e-06 -7.525469990691952197e-06 -9.477258284975190473e-06 -1.260456249965406360e-05 -2.494382876381039812e-05 -4.181386283561158105e-05 -4.902096370538947120e-05 -1.043172096991209802e-04 -3.311965739884702165e-04 -5.296497826669283211e-04 -4.865221996553927247e-04 -5.191271745802980911e-03 -1.069177456602978249e-01 4.377703028518641903e-01 -2.638326207528660916e+01 5.244738621876882689e+02
