5.744525603831506260e+02 -3.226680137864507003e+01 1.234086359547026834e+00 -6.199377379870942006e-02 -1.217749767522767522e-03 -1.311907102697102085e-03 -5.312100815063638916e-04 -3.047813558424586973e-04 -1.659019073227015726e-04 -1.067895210456772228e-04 -6.879032743009414342e-05 -4.685325525330110092e-05 -3.353331033004808905e-05 -2.391680664183614362e-05 -1.818793278624824004e-05 -1.357430462484425260e-05 -1.067173078749514900e-05 -8.312624375282073671e-06 -6.663377693153395011e-06 -5.382804321231667167e-06 -4.379423917234750302e-06 -3.636874514466502493e-06 -3.003818507291861558e-06 -2.541963118387019320e-06 -2.134525954076649259e-06 -1.828104757592333438e-06 -1.561385172677457789e-06 -1.348029331756252234e-06 -1.169479440243489726e-06 -1.016611424473508649e-06 -8.932148516402661270e-07 -7.822410585743294939e-07 -6.936605447269095341e-07 -6.126861228043497167e-07 -5.467031358749210127e-07 -4.872993707076475550e-07 -4.367606090378184729e-07 -3.926987456132313294e-07 -3.533749888391871282e-07 -3.200527658246127612e-07 -2.892879037742378058e-07 -2.634553214733088542e-07 -2.393778354107369681e-07 -2.188456504286253799e-07 -1.999788033957269310e-07 -1.833527519979146722e-07 -1.684761636277996860e-07 -1.548777298188115186e-07 -1.429904085475732727e-07 -1.318435665494221639e-07 -1.221736073994168475e-07 -1.130493299028042147e-07 -1.050371821603674918e-07 -9.757256828424758532e-08 -9.084345889628489094e-08 -8.471283827979054033e-08 -7.902182672857420696e-08 -7.393740468084172663e-08 -6.912098159575461274e-08 -6.485225868698595291e-08 -6.065245455146901773e-08 -6.003957262064610354e-08
-2.435312028816513674e+01 5.963954585460634235e+02 -3.023664773809781181e+01 1.189262210785052121e+00 -5.527036826356146459e-02 -2.740985680760547470e-04 -8.563554248695963694e-04 -3.733186234133361236e-04 -2.114668674662713657e-04 -1.207990375311739626e-04 -7.904615303655639731e-05 -5.172965654095200818e-05 -3.628824283709741766e-05 -2.599256610668937941e-05 -1.910480853980252579e-05 -1.449978945818402908e-05 -1.107667512668405698e-05 -8.724167280299616035e-06 -6.891543420346316580e-06 -5.564997912546551528e-06 -4.522411772068085386e-06 -3.720856439389939539e-06 -3.093655133747827499e-06 -2.586066736162440313e-06 -2.188435171475525018e-06 -1.856208709839757409e-06 -1.591986861233857590e-06 -1.368676786584538270e-06 -1.186208062132991362e-06 -1.032292191611357671e-06 -9.025779095438819314e-07 -7.936998422959997688e-07 -6.995628406220233341e-07 -6.204886034290918372e-07 -5.511142332607635057e-07 -4.922456550184798686e-07 -4.404333946702325117e-07 -3.956858108218219241e-07 -3.564518697071061177e-07 -3.218942771847757204e-07 -2.917256123076788913e-07 -2.647336128504752780e-07 -2.411562819065539847e-07 -2.198917482862305187e-07 -2.011765203285360037e-07 -1.842917324825873080e-07 -1.692395210957337365e-07 -1.557140867666382790e-07 -1.434867844548136564e-07 -1.325404971238996887e-07 -1.225382798079899841e-07 -1.135798506315478056e-07 -1.053539853319177253e-07 -9.794270223411959883e-08 -9.114305142835408789e-08 -8.495570198127428611e-08 -7.930057080019143475e-08 -7.409974226377824806e-08 -6.936325272127789441e-08 -6.494113209808284322e-08 -6.145792436522773832e-08 -5.255220230690751693e-08
9.587179048985150498e-01 -2.666603698140815126e+01 5.971059472780577835e+02 -2.955684889030741758e+01 1.167803239093639922e+00 -5.314292765234173571e-02 7.222425395043981071e-05 -7.013274146908209236e-04 -3.021760587488642549e-04 -1.713561337265167076e-04 -9.825160905303975060e-05 -6.487894525063741798e-05 -4.256272832387036730e-05 -3.019136952472271338e-05 -2.168125273452958798e-05 -1.609513176201238371e-05 -1.226040779554915599e-05 -9.436716430404162081e-06 -7.470081592372535245e-06 -5.930979025790243714e-06 -4.818191376195722145e-06 -3.928695495787178672e-06 -3.252414868171984662e-06 -2.711207220477915805e-06 -2.278956815917411493e-06 -1.933653560400471146e-06 -1.647324992288357663e-06 -1.417243525629863631e-06 -1.222295719505139707e-06 -1.063122981426476927e-06 -9.272304232602716496e-07 -8.137146773120031275e-07 -7.168145921784791121e-07 -6.339414447829783781e-07 -5.632747571209290790e-07 -5.016905835885823749e-07 -4.490116289701491313e-07 -4.025858693714474034e-07 -3.625228297426884257e-07 -3.270742566791106871e-07 -2.960825588565254368e-07 -2.686651655353058375e-07 -2.443614236110632524e-07 -2.228750432313307721e-07 -2.036111047109706197e-07 -1.865467085664986087e-07 -1.711411203162120855e-07 -1.574188330585142450e-07 -1.449989929896339989e-07 -1.338426048254635269e-07 -1.237461611461920933e-07 -1.145942482163730443e-07 -1.063153812204180255e-07 -9.875346700877835588e-08 -9.190370491533721946e-08 -8.561757161407465202e-08 -7.990182515429444654e-08 -7.464844094167552753e-08 -6.981536865891521966e-08 -6.586438495318617679e-08 -5.645457016727796276e-08 -4.335284103980473519e-08
-3.977611711517914372e-02 1.047451386918545557e+00 -2.720485853693124412e+01 5.972825523320368575e+02 -2.923435463439169268e+01 1.156494605441280576e+00 -5.210654493692996880e-02 2.412763580747195999e-04 -6.247691455471028610e-04 -2.643461591792803725e-04 -1.494739720873008017e-04 -8.539612477786204074e-05 -5.649171136506496947e-05 -3.701890248790088898e-05 -2.634499792231033175e-05 -1.893774522054090772e-05 -1.410318547830007071e-05 -1.076983912016134392e-05 -8.311417925540137946e-06 -6.601416110329812830e-06 -5.252923984590021025e-06 -4.282869038587456974e-06 -3.499435008720383573e-06 -2.906962476144181644e-06 -2.428539266664827741e-06 -2.047335785732754621e-06 -1.741340772983653057e-06 -1.487002420785222629e-06 -1.282655216612486966e-06 -1.108355874480119948e-06 -9.665571727593534493e-07 -8.444419502130089233e-07 -7.428711755680034148e-07 -6.555052400653388140e-07 -5.809441778555100240e-07 -5.170989606189276404e-07 -4.613636299639445428e-07 -4.136896449631178329e-07 -3.714500354639544374e-07 -3.351122842122110962e-07 -3.027288754802593765e-07 -2.745250970308144359e-07 -2.494147389674240590e-07 -2.272021343485405664e-07 -2.074949996700622370e-07 -1.898054961486119543e-07 -1.741370717364195886e-07 -1.599304813817851997e-07 -1.473109390257817028e-07 -1.358206874638410506e-07 -1.255350245781845573e-07 -1.161762991555497990e-07 -1.077099832935422003e-07 -1.000282493963590794e-07 -9.300621732188808303e-08 -8.664617679371994938e-08 -8.078998042302400774e-08 -7.545383761065046958e-08 -7.094120144995318021e-08 -6.201960361484476345e-08 -4.881043229865450353e-08 -4.209797023955850784e-08
1.136187701587901798e-03 -4.422275293877066249e-02 1.069298770228558348e+00 -2.747685258567702604e+01 5.973537064234643594e+02 -2.904581825790992511e+01 1.149458471181607155e+00 -5.148434723102078558e-02 3.395858819969742033e-04 -5.795137764299362199e-04 -2.413999818653545079e-04 -1.358996496683691582e-04 -7.727316857970652664e-05 -5.104886191989564811e-05 -3.337366841736252290e-05 -2.375034984216119928e-05 -1.706715778330989008e-05 -1.271546510147126032e-05 -9.719932900412034323e-06 -7.506093199083807570e-06 -5.971823687799146147e-06 -4.756353375817009717e-06 -3.885206435184607686e-06 -3.178520415102507272e-06 -2.644986176170121401e-06 -2.213179721432729085e-06 -1.868635067233189476e-06 -1.592213701597486261e-06 -1.361508181168654993e-06 -1.176596859432106899e-06 -1.018033195025749021e-06 -8.893598411718912778e-07 -7.780437473962514202e-07 -6.855362663890173416e-07 -6.057825434018703105e-07 -5.376036766648354624e-07 -4.792414783382688642e-07 -4.280936558832972212e-07 -3.844328868413487164e-07 -3.455612379012638802e-07 -3.121940511527033339e-07 -2.823367447016528378e-07 -2.563534990263221076e-07 -2.331723831261257516e-07 -2.126369499105536425e-07 -1.944230232686680486e-07 -1.780183215073788493e-07 -1.635146554679656505e-07 -1.503083689461278445e-07 -1.386010938130452784e-07 -1.279034354945551353e-07 -1.183349227295607822e-07 -1.096130111001488516e-07 -1.017136990657609912e-07 -9.454842577283002928e-08 -8.798063953296445903e-08 -8.202028621070401936e-08 -7.688062545235445305e-08 -6.800801769039587384e-08 -5.560824364731012755e-08 -4.749566480825187069e-08 -4.227934584050054816e-08
-1.564150349073331267e-04 1.036284705775222716e-03 -4.545313831993880865e-02 1.080685741856991289e+00 -2.764199139506099812e+01 5.973894117791992358e+02 -2.892202741947957989e+01 1.144643584740174136e+00 -5.106651920874842598e-02 4.035673761858278434e-04 -5.497226917403756933e-04 -2.261259783548659876e-04 -1.267329655831614204e-04 -7.173466419239355016e-05 -4.727410117341633296e-05 -3.082157542167184060e-05 -2.190522162911887042e-05 -1.572351977143190732e-05 -1.170601984117877869e-05 -8.947817655789188536e-06 -6.908269204790219996e-06 -5.498970190458445426e-06 -4.380846948735095105e-06 -3.581021317166448572e-06 -2.931675897351859124e-06 -2.441397208820068997e-06 -2.044883429687025911e-06 -1.727846337562598070e-06 -1.473975246168184090e-06 -1.261428792434729230e-06 -1.091399278099076141e-06 -9.451931542036519345e-07 -8.266325264481784622e-07 -7.239308125841517511e-07 -6.384819161886803468e-07 -5.648492726126588101e-07 -5.017258388396845363e-07 -4.477799741432756380e-07 -4.003377412788522539e-07 -3.599058331827836450e-07 -3.238061318325712691e-07 -2.928321227987161006e-07 -2.650800089909443392e-07 -2.408973507438536029e-07 -2.193322788262660262e-07 -2.001755309675096670e-07 -1.832103819441471439e-07 -1.678798353427270556e-07 -1.543462671824441341e-07 -1.419905550681695204e-07 -1.310417574151387438e-07 -1.210252067391941582e-07 -1.120552845608288964e-07 -1.038825324542046370e-07 -9.646297339483522626e-08 -8.972275031238427709e-08 -8.385913496040083588e-08 -7.477262843974638372e-08 -6.265651112994889910e-08 -5.460270841116819128e-08 -4.758005481603279595e-08 -4.320485648630508297e-08
-3.890540417403605091e-05 -2.408586768813531496e-04 9.818861449707155103e-04 -4.614279584320247346e-02 1.087752160544468438e+00 -2.775307004863466176e+01 5.974098573828554208e+02 -2.883448585266477693e+01 1.141136587947187753e+00 -5.076549266856573289e-02 4.484742666992787394e-04 -5.286525040028331813e-04 -2.152616014020641464e-04 -1.201566224033152809e-04 -6.773763903055691018e-05 -4.452127878266351523e-05 -2.894667584045107448e-05 -2.053681577177706905e-05 -1.471835634657193212e-05 -1.094503238267634667e-05 -8.360202472723609750e-06 -6.450482195137615123e-06 -5.133447569618544038e-06 -4.089007836569541768e-06 -3.342578972579382753e-06 -2.737128272919409455e-06 -2.279813590775302098e-06 -1.910512814137290346e-06 -1.614841832548306557e-06 -1.378447603449384011e-06 -1.180257493336410590e-06 -1.021837720041198555e-06 -8.855306841472545161e-07 -7.749376570814069605e-07 -6.791893345624734480e-07 -5.993829726468362789e-07 -5.307056553279780726e-07 -4.716900120285710576e-07 -4.213221792121965564e-07 -3.769382179646378900e-07 -3.391289580330410334e-07 -3.053416042685233160e-07 -2.763239872131984963e-07 -2.503370307539673494e-07 -2.276439820698528329e-07 -2.074338352305165624e-07 -1.894340726704939406e-07 -1.735138121008477766e-07 -1.590975682143101693e-07 -1.463755014976212716e-07 -1.347503865016203324e-07 -1.244386962386113542e-07 -1.150092934505013536e-07 -1.065482140770566958e-07 -9.883069017255014757e-08 -9.211203271426116291e-08 -8.256973227917788858e-08 -7.042207065033156417e-08 -6.211202867646405943e-08 -5.490933981157832959e-08 -4.849641129517380483e-08 -4.459454364694432293e-08
-1.905463345951479020e-05 -7.451576281430462930e-05 -2.719576638474611855e-04 9.445703103172040527e-04 -4.659332638030196094e-02 1.092581383652627025e+00 -2.783294567104811534e+01 5.974226530877873529e+02 -2.876929255179264544e+01 1.138466319340826427e+00 -5.053783135399936288e-02 4.817246750998092236e-04 -5.129684893118148471e-04 -2.071469715299505219e-04 -1.152204443513792033e-04 -6.472528570449086909e-05 -4.243338095687678764e-05 -2.751644892867170488e-05 -1.948682728562537640e-05 -1.394162432823593405e-05 -1.035399331842809299e-05 -7.900390774196134271e-06 -6.090577973448573621e-06 -4.844045223457734015e-06 -3.856818938890877015e-06 -3.151737418904168107e-06 -2.580583449584346333e-06 -2.149181989605770747e-06 -1.801245170846320554e-06 -1.522614687375521954e-06 -1.300022378998385361e-06 -1.113410177595187787e-06 -9.642381210438575896e-07 -8.359693388312432685e-07 -7.318021250227783115e-07 -6.417182767030750902e-07 -5.665267105939697921e-07 -5.018923170512106495e-07 -4.462815888335398579e-07 -3.988416120386666977e-07 -3.570165469664696957e-07 -3.213665080457008788e-07 -2.895232469510782230e-07 -2.621335570876119705e-07 -2.376315130618230292e-07 -2.161936693264705330e-07 -1.971221986787291022e-07 -1.801095437791069129e-07 -1.650678418433604094e-07 -1.514379696974471696e-07 -1.394010739220729647e-07 -1.284064938117986333e-07 -1.186385614768315233e-07 -1.096992550445059635e-07 -1.019440756267094838e-07 -9.169326292109667110e-08 -7.924286145303433003e-08 -7.045410862271373936e-08 -6.281246205681973964e-08 -5.609868258464259090e-08 -4.992407309117182496e-08 -4.636171024012653691e-08
-9.353737320998000237e-06 -3.756935451753758544e-05 -8.845384809031401523e-05 -2.911895919206181722e-04 9.163008656106042373e-04 -4.691311697507875161e-02 1.096096125595598547e+00 -2.789316292104363626e+01 5.974311915431592297e+02 -2.871885293800877648e+01 1.136364333965352191e+00 -5.035940527298483210e-02 5.073389683266349946e-04 -5.008392606434959289e-04 -2.008571386455324512e-04 -1.113835761761019610e-04 -6.237703578273663966e-05 -4.079933117474032777e-05 -2.639221296553569989e-05 -1.865827540201623515e-05 -1.332540921221381938e-05 -9.883322049917055185e-06 -7.532198403967330147e-06 -5.801219678547057982e-06 -4.610217585062306129e-06 -3.668362791903635626e-06 -2.996210309505264705e-06 -2.452361245919532549e-06 -2.041834464376384762e-06 -1.710987864252562386e-06 -1.446212740194976679e-06 -1.234738524327038147e-06 -1.057597474909219343e-06 -9.159514272336512669e-07 -7.942790355121825419e-07 -6.954035982751010236e-07 -6.099763376909967864e-07 -5.386294739883880228e-07 -4.773282476236131252e-07 -4.245780712706223660e-07 -3.795652797330206489e-07 -3.398997284510015667e-07 -3.060565350357873070e-07 -2.758554496619766747e-07 -2.498432890105823916e-07 -2.265950009081700369e-07 -2.062311442498551137e-07 -1.881218708605083152e-07 -1.719600525094019510e-07 -1.576636899656688434e-07 -1.447138819548266246e-07 -1.332639294679367097e-07 -1.227992387011116463e-07 -1.137509037510832283e-07 -1.025096861078684103e-07 -8.948104548643828647e-08 -7.997290612645488607e-08 -7.171309889864548356e-08 -6.442578667652553453e-08 -5.783700805018173201e-08 -5.182354743563463575e-08 -4.840856697347481701e-08
-5.377362529435644596e-06 -1.924052166768065004e-05 -4.528605876586158858e-05 -9.692631161186692520e-05 -3.049666480929682285e-04 8.939587056781019263e-04 -4.715270314811043084e-02 1.098770996750353834e+00 -2.794019059519279935e+01 5.974371725648162510e+02 -2.867866517136794258e+01 1.134666207710364416e+00 -5.021568533075904117e-02 5.276803414250050110e-04 -4.911776516077049444e-04 -1.958386882446908571e-04 -1.083172969375386442e-04 -6.049660274524086269e-05 -3.948737230540417419e-05 -2.548675138031618459e-05 -1.798905360662802740e-05 -1.282578631523850891e-05 -9.500501683037007076e-06 -7.231583867510675700e-06 -5.564108577727751119e-06 -4.417962478115229024e-06 -3.512767177039602925e-06 -2.867435212822987907e-06 -2.345727689712943194e-06 -1.952329693674753603e-06 -1.635414532525414570e-06 -1.382068025387338025e-06 -1.179729363822603467e-06 -1.010423852751564090e-06 -8.750216639505781792e-07 -7.588162798042193656e-07 -6.643744962160854798e-07 -5.828167099977406492e-07 -5.147150947957379394e-07 -4.561968185049037603e-07 -4.058714687599744762e-07 -3.629015517539661172e-07 -3.250687002842059518e-07 -2.927611342925079720e-07 -2.639535950763024176e-07 -2.391238300602013941e-07 -2.169404585082460291e-07 -1.975047473208720709e-07 -1.802156908165104502e-07 -1.647915774082866211e-07 -1.511360585548604824e-07 -1.387615623545831404e-07 -1.280548701182185314e-07 -1.154936485150458038e-07 -1.015648571433049853e-07 -9.106528548122211851e-08 -8.197432083083203870e-08 -7.390017702236226554e-08 -6.664688909629132303e-08 -6.012099728662979697e-08 -5.405267026215618271e-08 -5.078767462099696413e-08
-3.093634871139227530e-06 -1.142119855482655642e-05 -2.350554669825131158e-05 -4.998307852493536629e-05 -1.029898549338507366e-04 -3.155586157957463887e-04 8.758430857089535620e-04 -4.733924654677715282e-02 1.100875921819771230e+00 -2.797793756515863350e+01 5.974415246773140780e+02 -2.864589065452618755e+01 1.133265500697486772e+00 -5.009737848494841272e-02 5.442276557908146562e-04 -4.832983606620478139e-04 -1.917410576848608140e-04 -1.058111009265309067e-04 -5.895759669489810686e-05 -3.841154941307670155e-05 -2.474270408764342103e-05 -1.743785246605730738e-05 -1.241321847857190851e-05 -9.183512816405430779e-06 -6.982020982702382917e-06 -5.366626123903611782e-06 -4.257459357305236110e-06 -3.382407642659055571e-06 -2.759304179236115103e-06 -2.255871156476545237e-06 -1.876728872047738653e-06 -1.571379338337073069e-06 -1.327569655198683795e-06 -1.132871611586537731e-06 -9.701158544754655893e-07 -8.399776700953380051e-07 -7.283527959183681113e-07 -6.376728914304930309e-07 -5.593700933878887114e-07 -4.940328717872877655e-07 -4.378713520729988580e-07 -3.896143043846485155e-07 -3.483887934267352788e-07 -3.121195004055069164e-07 -2.811346125555600472e-07 -2.535171183595419652e-07 -2.297121554848794237e-07 -2.084410981685155025e-07 -1.898124309028449315e-07 -1.732313364568599512e-07 -1.584353318357574947e-07 -1.455583535255933626e-07 -1.312747279089215997e-07 -1.160348252806813940e-07 -1.042228121914906037e-07 -9.402629708333892621e-08 -8.491138196767136742e-08 -7.679714151476633182e-08 -6.946440758076659168e-08 -6.281255593066021414e-08 -5.668870459353768859e-08 -5.341647940086162834e-08
-1.961922331443403556e-06 -6.783348725157030125e-06 -1.419892767469746295e-05 -2.608237135429064961e-05 -5.331105609672876194e-05 -1.076915401663996563e-04 -3.240382486330717219e-04 8.608675079195532822e-04 -4.748877206609629364e-02 1.102576034069437716e+00 -2.800890599114582713e+01 5.974447901073185676e+02 -2.861865058572150744e+01 1.132090223288888309e+00 -4.999825398124860265e-02 5.579535509931093495e-04 -4.767482826775746902e-04 -1.883316715686321084e-04 -1.037243486483394045e-04 -5.767513472376683685e-05 -3.751366017069329711e-05 -2.412091263990394293e-05 -1.697630232444662348e-05 -1.206717720728564266e-05 -8.917000257115907042e-06 -6.771822911181126035e-06 -5.199841339340329256e-06 -4.121656232017143430e-06 -3.271797095867376884e-06 -2.667370881597572223e-06 -2.179273357803386458e-06 -1.812134343685112375e-06 -1.516542874024158540e-06 -1.280775345433803808e-06 -1.092563413518461750e-06 -9.353419428663728933e-07 -8.096958198802947979e-07 -7.019540960416046084e-07 -6.144955881672020670e-07 -5.389673889333252916e-07 -4.760007206662629793e-07 -4.218619781191131832e-07 -3.753793051257158199e-07 -3.356620970393214526e-07 -3.007354888112983438e-07 -2.709006506174712418e-07 -2.443079724751201533e-07 -2.213968510598209832e-07 -2.009165251082952493e-07 -1.829793293264876476e-07 -1.672256017707802354e-07 -1.506965408514893613e-07 -1.336018674444467651e-07 -1.200831823093243646e-07 -1.084086809216501363e-07 -9.794682173258332056e-08 -8.870839944710674564e-08 -8.032787649342336328e-08 -7.280597872269284819e-08 -6.597260105962340329e-08 -5.964401519829117006e-08 -5.639470026427535164e-08
-1.263357694701721167e-06 -4.406923411421617012e-06 -8.537369949618876929e-06 -1.589651239360523864e-05 -2.789644544318839627e-05 -5.587674713440179595e-05 -1.114975257075010161e-04 -3.310123150945714688e-04 8.482894092088642856e-04 -4.761138916178465214e-02 1.103978143905219866e+00 -2.803477225485364244e+01 5.974473028117428157e+02 -2.859565179042706617e+01 1.131089920657472714e+00 -4.991397308155805235e-02 5.695240075266558028e-04 -4.712159965510709738e-04 -1.854502069225001117e-04 -1.019596889540008684e-04 -5.659017377986439178e-05 -3.675303909029173892e-05 -2.359378601053213238e-05 -1.658435174881749762e-05 -1.177299451283018480e-05 -8.689978105041714154e-06 -6.592528285322828812e-06 -5.057272838119975222e-06 -4.005384479632077941e-06 -3.176896947630600851e-06 -2.588344130152895854e-06 -2.113305151404339120e-06 -1.756378786653356057e-06 -1.469133547965135257e-06 -1.240219483921258499e-06 -1.057577524861608733e-06 -9.050849769454371589e-07 -7.833074646924782896e-07 -6.788985012865041692e-07 -5.942179345369722022e-07 -5.210844002602764207e-07 -4.601630170007527456e-07 -4.077808025844311477e-07 -3.628305239376829080e-07 -3.244294191056862174e-07 -2.906652609876495809e-07 -2.618368406841506217e-07 -2.361363293642493864e-07 -2.139957831489714560e-07 -1.944072086850253380e-07 -1.749082103150674715e-07 -1.552312223611985194e-07 -1.394916845758934470e-07 -1.258286478223167091e-07 -1.136385090447714435e-07 -1.029145579669641568e-07 -9.318788378432609180e-08 -8.454375479692811637e-08 -7.666337807735035825e-08 -6.957220839986648922e-08 -6.300318747550359902e-08 -5.966159600257949201e-08
-8.519729900484821726e-07 -2.903442071275175864e-06 -5.628540037061901012e-06 -9.618312499173499040e-06 -1.708392503084145479e-05 -2.929283742081941199e-05 -5.795326014073012318e-05 -1.146621348712430200e-04 -3.368627302070185503e-04 8.375816153267638285e-04 -4.771380877602220821e-02 1.105154448330587735e+00 -2.805670181709388089e+01 5.974492776196062778e+02 -2.857597497807930509e+01 1.130228170016875922e+00 -4.984141905512750464e-02 5.794104684299502487e-04 -4.664804472219971393e-04 -1.829825658164845850e-04 -1.004476980389393904e-04 -5.566040753461838267e-05 -3.610047681194210567e-05 -2.314135838009868300e-05 -1.624746985358469127e-05 -1.151994384060085576e-05 -8.494394426697586946e-06 -6.437884539849574623e-06 -4.934113237416120564e-06 -3.904790737427273105e-06 -3.094671654172855788e-06 -2.519746981102070277e-06 -2.055966424772290818e-06 -1.707817643852085633e-06 -1.427788980358856898e-06 -1.204777464747286431e-06 -1.026961999838121503e-06 -8.785565085506774392e-07 -7.601347822033804459e-07 -6.586191386417011500e-07 -5.763494142563730382e-07 -5.053051882396061699e-07 -4.461603552201424173e-07 -3.953168934407884559e-07 -3.517005171318378480e-07 -3.144553110792128890e-07 -2.817078050959489056e-07 -2.537523544120939383e-07 -2.290261491514012234e-07 -2.054976040727399844e-07 -1.822674882313455530e-07 -1.635935030558256910e-07 -1.472443496934618905e-07 -1.328241548261225640e-07 -1.201157404663722362e-07 -1.086691180473170700e-07 -9.854877171167076363e-08 -8.933311217170671329e-08 -8.112372308874603085e-08 -7.362763987573859275e-08 -6.675587214345350448e-08 -6.330849519053846913e-08
-5.924078230090362928e-07 -1.997595657823038584e-06 -3.749499709193349201e-06 -6.390413094245524471e-06 -1.037485098685328008e-05 -1.799100614533391049e-05 -3.042466008646459557e-05 -5.968575664203564949e-05 -1.173434611435683768e-04 -3.418469511335848489e-04 8.283594533506692626e-04 -4.780066885447679242e-02 1.106155525119963512e+00 -2.807553016012322900e+01 5.974508578274142110e+02 -2.855894869585632989e+01 1.129478013932425862e+00 -4.977829385772906262e-02 5.879561011208096896e-04 -4.623804096144590791e-04 -1.808453297025740063e-04 -9.913757101761941522e-05 -5.485475077504305320e-05 -3.553448441918459087e-05 -2.274885269136812604e-05 -1.595488100174804902e-05 -1.130002121529838493e-05 -8.324222151414849901e-06 -6.303191052676245060e-06 -4.826724056952351231e-06 -3.816954242459639754e-06 -3.022799340860387934e-06 -2.459688070539557510e-06 -2.005712210605416959e-06 -1.665182558628944834e-06 -1.391448258546542996e-06 -1.173573853100416597e-06 -9.999712057299619863e-07 -8.551353257200898151e-07 -7.396436121627738956e-07 -6.406651043705672859e-07 -5.605017400966757168e-07 -4.912957046779155591e-07 -4.337057892740802293e-07 -3.842191007864896259e-07 -3.417748425723076153e-07 -3.055384747246764356e-07 -2.738698952128681605e-07 -2.447117166629700441e-07 -2.166202686593646281e-07 -1.939669886000618454e-07 -1.739891346286444212e-07 -1.566387449302207164e-07 -1.412609421010696767e-07 -1.276006089136264787e-07 -1.155137114268479685e-07 -1.045944916926763311e-07 -9.492356350012770511e-08 -8.610151375550279786e-08 -7.823990117127263217e-08 -7.092909042155041251e-08 -6.733884460774508904e-08
-4.191820777556953621e-07 -1.412279033038522083e-06 -2.610939598888019313e-06 -4.286011332291653928e-06 -6.922242929237827114e-06 -1.095160319125773574e-05 -1.872337526114387204e-05 -3.137179566696733218e-05 -6.116136700045225120e-05 -1.196482878451255870e-04 -3.461469708286949169e-04 8.203359962261171697e-04 -4.787528135350348907e-02 1.107017873547136322e+00 -2.809187189171070287e+01 5.974521419954677413e+02 -2.854407106426692664e+01 1.128819069917143869e+00 -4.972286509453636982e-02 5.954166899503117059e-04 -4.587955200366278696e-04 -1.789760957855618981e-04 -9.799128973707172774e-05 -5.414986941326033096e-05 -3.503890741928826816e-05 -2.240511590602775970e-05 -1.569843216510273325e-05 -1.110715074432207346e-05 -8.174862034679203951e-06 -6.184855558991425597e-06 -4.732304223987100178e-06 -3.739628741593340354e-06 -2.959477080291583122e-06 -2.406700203954949358e-06 -1.961333938954116380e-06 -1.627481446295699960e-06 -1.359276846953715397e-06 -1.145916449184562937e-06 -9.760152227029611195e-07 -8.343258916324184137e-07 -7.214095012320778581e-07 -6.246734566000245718e-07 -5.463639216444276022e-07 -4.787855469956460996e-07 -4.225685345355694900e-07 -3.742733699444873379e-07 -3.330418613081025145e-07 -2.958104292116918714e-07 -2.610548163355442917e-07 -2.328429093069854428e-07 -2.079560289861113716e-07 -1.866469598050344073e-07 -1.676711520334819305e-07 -1.511066196920685330e-07 -1.363782423361784132e-07 -1.232681015269506164e-07 -1.116523155468817177e-07 -1.011457546397651553e-07 -9.183369099915915212e-08 -8.333697563837376811e-08 -7.562981339517294420e-08 -7.178550964033476355e-08
-3.068733721103304855e-07 -1.016103154872323980e-06 -1.864478565118694687e-06 -3.004067612688217657e-06 -4.662984163366056633e-06 -7.325585377415589521e-06 -1.141611934183507667e-05 -1.933604903965102840e-05 -3.218155672270697927e-05 -6.243722277534885317e-05 -1.216526841886661514e-04 -3.498960087163128130e-04 8.132931321516798789e-04 -4.794007658056707172e-02 1.107768500661805433e+00 -2.810618923176875938e+01 5.974531997218496144e+02 -2.853095941445816663e+01 1.128235639198968299e+00 -4.967380158282232866e-02 6.019868066775217567e-04 -4.556340927165072234e-04 -1.773272550950482393e-04 -9.697983560173298345e-05 -5.352791874235163049e-05 -3.460137043864959310e-05 -2.210158729319738815e-05 -1.547184131005994279e-05 -1.093664559056222577e-05 -8.042746265828557142e-06 -6.080092933738014000e-06 -4.648665290319936351e-06 -3.671060182758189432e-06 -2.903287086292649635e-06 -2.359629469870120835e-06 -1.921876331722735924e-06 -1.593926629881036695e-06 -1.330611582038210394e-06 -1.121251254434610442e-06 -9.546233232651184983e-07 -8.157282914015499519e-07 -7.050912982053905801e-07 -6.103496852179454203e-07 -5.336850000319077087e-07 -4.675448700917391213e-07 -4.127166419279969592e-07 -3.636700279966195137e-07 -3.196410711353543192e-07 -2.834560487803924541e-07 -2.518865182318239538e-07 -2.250608344145669744e-07 -2.012225404352590240e-07 -1.807381412030376840e-07 -1.624512294376134975e-07 -1.464677695566691207e-07 -1.322408461527431187e-07 -1.195677578914326088e-07 -1.083335371290083428e-07 -9.816620961891226810e-08 -8.915832636665451799e-08 -8.079405996677911104e-08 -7.675968707866100830e-08
-2.262417215087247214e-07 -7.535485526031007028e-07 -1.354509902454987386e-06 -2.159858840293133162e-06 -3.280477500762908905e-06 -4.948826432876648725e-06 -7.649385175544145071e-06 -1.180403727264432237e-05 -1.986085863556299300e-05 -3.288468007916185514e-05 -6.355324863256685242e-05 -1.234128773584533480e-04 -3.531942778596350741e-04 8.070622941591491795e-04 -4.799687938011973354e-02 1.108427822293330811e+00 -2.811883649729402634e+01 5.974540812879223495e+02 -2.851931687120204018e+01 1.127715433311800686e+00 -4.963006326200969376e-02 6.078170952205499489e-04 -4.528250402926774134e-04 -1.758618568323120268e-04 -9.608067290472964666e-05 -5.297503008055443475e-05 -3.421223150174921825e-05 -2.183159348176785811e-05 -1.527019162142869685e-05 -1.078483885253103415e-05 -7.925067215703702182e-06 -5.986711997902222229e-06 -4.574075830628562565e-06 -3.609860435382430819e-06 -2.853102586206722317e-06 -2.317555316553714924e-06 -1.886576547912744298e-06 -1.563885259799883881e-06 -1.304920851303368163e-06 -1.099129803749838454e-06 -9.354156931232305235e-07 -7.990171093687583469e-07 -6.904126983636255195e-07 -5.974440202159816548e-07 -5.224099504509947068e-07 -4.558148873366415942e-07 -3.985044204530287106e-07 -3.506447026933194747e-07 -3.098170142775494285e-07 -2.750889961618964458e-07 -2.446333592307911163e-07 -2.186890000141121053e-07 -1.955926466978285530e-07 -1.757313567646292888e-07 -1.579864673303293194e-07 -1.424716258647554935e-07 -1.286565143889554341e-07 -1.163471705446709552e-07 -1.054334586762689831e-07 -9.556000539992281590e-08 -8.666075308878757006e-08 -8.220810841432905005e-08
-1.715746122713526376e-07 -5.630865340280850932e-07 -1.013782516559792889e-06 -1.577830900049236778e-06 -2.369377695652205425e-06 -3.489707561363570707e-06 -5.177545365063307354e-06 -7.919548668000611649e-06 -1.213613177404127423e-05 -2.031790229042898275e-05 -3.350251508056701011e-05 -6.453868663793041721e-05 -1.249715533095587677e-04 -3.561188225287507253e-04 8.015112586260828747e-04 -4.804708727322198197e-02 1.109011560312161082e+00 -2.813008985999636380e+01 5.974548237533178963e+02 -2.850890958176259460e+01 1.127248695027898151e+00 -4.959082553736774562e-02 6.130260096809187409e-04 -4.503123843138288288e-04 -1.745507888790554646e-04 -9.527602897422537682e-05 -5.248026617618264971e-05 -3.386386714844959422e-05 -2.158986065567005967e-05 -1.508958157640562925e-05 -1.064882138306602343e-05 -7.819588014485702660e-06 -5.902966480773277997e-06 -4.507151293045585667e-06 -3.554915993468994032e-06 -2.808018851931942423e-06 -2.279734828637413135e-06 -1.854819966389448614e-06 -1.536843212960260600e-06 -1.281773871240172945e-06 -1.079186015530625022e-06 -9.180834806280756156e-07 -7.839168679520514918e-07 -6.772916228134539733e-07 -5.842404313076983476e-07 -5.070884962258974072e-07 -4.418758392304883891e-07 -3.878252335448479265e-07 -3.415321864950042051e-07 -3.019079051442309228e-07 -2.681428382531956071e-07 -2.384986863747977023e-07 -2.132353894514505332e-07 -1.907338383661949620e-07 -1.713827836084579654e-07 -1.540892405320094245e-07 -1.389689552953417282e-07 -1.255037883223895363e-07 -1.135055796700447170e-07 -1.028744746543649644e-07 -9.309338956457715194e-08 -8.836574051561359352e-08
-1.310321612130798266e-07 -4.317293053971044334e-07 -7.634544538636512346e-07 -1.188565790433316998e-06 -1.736857206117971605e-06 -2.528161830137442553e-06 -3.656913109301181301e-06 -5.367661003920017934e-06 -8.150976919797905243e-06 -1.242554702913849423e-05 -2.072082096098092313e-05 -3.405060220897200768e-05 -6.541570078980357055e-05 -1.263618091309954596e-04 -3.587299623031499937e-04 7.965349173320894136e-04 -4.809178899000305513e-02 1.109532019601444430e+00 -2.814016776870837688e+01 5.974554549194339188e+02 -2.849955083280729795e+01 1.126827578063628321e+00 -4.955542610347610233e-02 6.177079753414383648e-04 -4.480514322636370856e-04 -1.733708042151985065e-04 -9.455169689651630755e-05 -5.203488897943988326e-05 -3.355017126403364434e-05 -2.137216615956268639e-05 -1.492687799931205424e-05 -1.052625658365012327e-05 -7.724507431164416579e-06 -5.827446827327024205e-06 -4.446773149730780470e-06 -3.505323608839246395e-06 -2.767302866645257183e-06 -2.245561972320152466e-06 -1.826106175932607448e-06 -1.512379286780049739e-06 -1.260818806860681288e-06 -1.061110399664624000e-06 -9.025117833204212437e-07 -7.687453531572612248e-07 -6.604550190288122060e-07 -5.690572832468795371e-07 -4.952861830122507509e-07 -4.318021768718116197e-07 -3.790787373010770684e-07 -3.338648895253555094e-07 -2.951433409678415247e-07 -2.621399187872483664e-07 -2.331583705084150305e-07 -2.084614392815723143e-07 -1.864619531832010576e-07 -1.675454811825746499e-07 -1.506396333482269672e-07 -1.358602229494870465e-07 -1.226987608141281081e-07 -1.109791978860287863e-07 -1.004210160223642521e-07 -9.511283381922455363e-08
-1.019783910757722229e-07 -3.332194212075906554e-07 -5.902790385769451299e-07 -8.994734556024698454e-07 -1.314083349038101763e-06 -1.857578426617782735e-06 -2.654698505696643251e-06 -3.795831478835111155e-06 -5.530074154281174970e-06 -8.352926174947194988e-06 -1.268114293081339060e-05 -2.107940729223425365e-05 -3.454065540596304028e-05 -6.620153899496150889e-05 -1.276097545518009959e-04 -3.610756438196057903e-04 7.920487000483141882e-04 -4.813184551602397304e-02 1.109998969308338745e+00 -2.814924528410433169e+01 5.974559959727189380e+02 -2.849108974091452851e+01 1.126445700785273285e+00 -4.952332680462049469e-02 6.219391895025530364e-04 -4.460060636636828716e-04 -1.723031154211083062e-04 -9.389618313923063834e-05 -5.163183249958391857e-05 -3.326619694634876562e-05 -2.117508943817800391e-05 -1.477953826250087409e-05 -1.041524523112165013e-05 -7.638360387459353573e-06 -5.759003001821882447e-06 -4.392029580418464544e-06 -3.460342965224593364e-06 -2.730354701810848170e-06 -2.214538191508653746e-06 -1.800024514158191142e-06 -1.490137665880296859e-06 -1.241899348368050944e-06 -1.043243953232540729e-06 -8.835869022171308854e-07 -7.518517419192386033e-07 -6.471596384501975249e-07 -5.577237732531982870e-07 -4.854562432574956180e-07 -4.232150274605045630e-07 -3.715167054132693794e-07 -3.271767816200019835e-07 -2.892055646044370292e-07 -2.568454385248566555e-07 -2.284305318383546797e-07 -2.042215803373652810e-07 -1.826578981819864787e-07 -1.641203197673880893e-07 -1.475541546217643514e-07 -1.330741395001939118e-07 -1.201883345042587093e-07 -1.085270695288179967e-07 -1.027695774702395263e-07
-8.019719932445959082e-08 -2.618750645977685693e-07 -4.585172148985889420e-07 -6.995118180854015928e-07 -9.978112478055010522e-07 -1.409519321574762792e-06 -1.953857120921789464e-06 -2.759439587678033704e-06 -3.914496014518687937e-06 -5.671624733775670293e-06 -8.531545181206293037e-06 -1.290920014750478230e-05 -2.140100908446997293e-05 -3.498174198830152537e-05 -6.690988941636035077e-05 -1.287362950986828847e-04 -3.631944836520629039e-04 7.879838074958436496e-04 -4.816794681590883670e-02 1.110420264531623236e+00 -2.815746434302742074e+01 5.974564632875783445e+02 -2.848340305037527642e+01 1.126097819487388074e+00 -4.949408579065222441e-02 6.257818181859146943e-04 -4.441467653824213678e-04 -1.713323716504891437e-04 -9.330008962957956036e-05 -5.126532078026249195e-05 -3.300789576519920959e-05 -2.099582899385629635e-05 -1.464547875229437932e-05 -1.031422777678334732e-05 -7.559944498458420672e-06 -5.696687372584124464e-06 -4.342170024774526303e-06 -3.419362192113124107e-06 -2.696679450074894806e-06 -2.186242379338607371e-06 -1.776364010019207260e-06 -1.468468926947112155e-06 -1.220042412353373542e-06 -1.023957821083536350e-06 -8.682716561955967461e-07 -7.388317527293199398e-07 -6.359045290716238761e-07 -5.479402195376320034e-07 -4.768685073034469511e-07 -4.156571435514949101e-07 -3.648256292322815190e-07 -3.212352337788883549e-07 -2.839136999617643313e-07 -2.521142087496546154e-07 -2.241960867983838735e-07 -2.004164624315816512e-07 -1.792378262284972597e-07 -1.610358212297052232e-07 -1.447711659048532520e-07 -1.305661186725655052e-07 -1.177226157541731962e-07 -1.112391440112736518e-07
-6.373432644291330131e-08 -2.076586122915877194e-07 -3.630429258617775373e-07 -5.458314922477797129e-07 -7.790357160632829340e-07 -1.072904647408519280e-06 -1.485495796820570795e-06 -2.033553792398090648e-06 -2.848649674210824505e-06 -4.017912125808834239e-06 -5.796845058276708614e-06 -8.691166080572119607e-06 -1.311435146044684615e-05 -2.169131794574975835e-05 -3.538103331470408944e-05 -6.755178902006693813e-05 -1.297583898287239888e-04 -3.651179382873546942e-04 7.842837077381974598e-04 -4.820065237386180618e-02 1.110802293525312345e+00 -2.816494124012918476e+01 5.974568696808628374e+02 -2.847638908577858530e+01 1.125779585441704755e+00 -4.946733685870097902e-02 6.292870870842672817e-04 -4.424491853313353260e-04 -1.704459056954027885e-04 -9.275565807652070107e-05 -5.093058466233334002e-05 -3.277192357001669688e-05 -2.083206822817800009e-05 -1.452297698824217145e-05 -1.022191152648813747e-05 -7.488263811544109468e-06 -5.639712644114606201e-06 -4.296571790821508483e-06 -3.381864162583076291e-06 -2.665989982314557384e-06 -2.159015687228819430e-06 -1.750270746173411330e-06 -1.445754650197308297e-06 -1.201927296281251363e-06 -1.008622516282723408e-06 -8.551027095660611673e-07 -7.274554378508666665e-07 -6.259731329122044749e-07 -5.392549860857756872e-07 -4.692113348012530126e-07 -4.088962531857101493e-07 -3.588241808129499316e-07 -3.158943054678335063e-07 -2.791477406090480979e-07 -2.478459221033141070e-07 -2.203702418035796886e-07 -1.969736633090652983e-07 -1.761395001034612633e-07 -1.582378268476324560e-07 -1.422530011935425819e-07 -1.280743679017254879e-07 -1.208255124750651810e-07
-5.131337276697489083e-08 -1.664798435780140445e-07 -2.894875860751970025e-07 -4.343719143758100419e-07 -6.099465035185496522e-07 -8.398717327955807237e-07 -1.132818633773417439e-06 -1.548226051631192021e-06 -2.101383280015870248e-06 -2.926279253652938165e-06 -4.109393667686129716e-06 -5.908879527939483457e-06 -8.834983192381935755e-06 -1.330012798262203644e-05 -2.195485232766953299e-05 -3.574430539508158060e-05 -6.813624772453812073e-05 -1.306899548807262423e-04 -3.668718935315800570e-04 7.809015217057134299e-04 -4.823042070037378282e-02 1.111150305040048414e+00 -2.817177216904013548e+01 5.974572253007466998e+02 -2.846996322659401812e+01 1.125487361676227982e+00 -4.944277390316360876e-02 6.324975888289122638e-04 -4.408930512547731937e-04 -1.696331696443271846e-04 -9.225642762515463900e-05 -5.062365106313085003e-05 -3.255549463916565506e-05 -2.068187458757658927e-05 -1.441059657950024338e-05 -1.013721638399867380e-05 -7.422486979150421161e-06 -5.587412504972515485e-06 -4.254834501066715716e-06 -3.346151762295473436e-06 -2.633524104288399523e-06 -2.131233891417068686e-06 -1.728145446920224559e-06 -1.427144248131980290e-06 -1.186118850240616378e-06 -9.950677690073258650e-07 -8.433719532947144777e-07 -7.172729673940234012e-07 -6.170528382849178567e-07 -5.314339588139203639e-07 -4.623012028989960063e-07 -4.027842992218601517e-07 -3.533903101629871678e-07 -3.110518541075157165e-07 -2.748212107449230365e-07 -2.439666527347948994e-07 -2.168893863333195364e-07 -1.938380893371518266e-07 -1.733146885208311562e-07 -1.556944089228979185e-07 -1.397227693195330636e-07 -1.316114559165504327e-07
-4.153697348152306793e-08 -1.349438539144081085e-07 -2.335721139421411235e-07 -3.478685946885546571e-07 -4.870493346147432437e-07 -6.592772933191709998e-07 -8.883834501626449763e-07 -1.182298206678733797e-06 -1.601516020338118743e-06 -2.160335565384004120e-06 -2.994931899101159131e-06 -4.191249101019090343e-06 -6.009999667869971248e-06 -8.965439917414941555e-06 -1.346929745352501973e-05 -2.219526197266547443e-05 -3.607628125324480623e-05 -6.867070018061245554e-05 -1.315425279559600733e-04 -3.684778451497096861e-04 7.777980514874490792e-04 -4.825763116674752079e-02 1.111468651698570120e+00 -2.817803738597802621e+01 5.974575382668612065e+02 -2.846405447480444195e+01 1.125218083015194770e+00 -4.942013905621184255e-02 6.354490308250896127e-04 -4.394613500737385380e-04 -1.688853083928335344e-04 -9.179697500831759970e-05 -5.034118299542555307e-05 -3.235626953556503010e-05 -2.054362348832161310e-05 -1.430713072364734784e-05 -1.005922621128359306e-05 -7.362031143287674396e-06 -5.538003634288712463e-06 -4.212247729999496240e-06 -3.310570158145772327e-06 -2.605401073700385761e-06 -2.107823754931798019e-06 -1.708569176068658619e-06 -1.410515493438909884e-06 -1.171910902544152500e-06 -9.828406527832486277e-07 -8.327621926185889664e-07 -7.080455495045634361e-07 -6.089557304446657649e-07 -5.243252260446825009e-07 -4.560126208345268695e-07 -3.972161997679665860e-07 -3.484349486545172935e-07 -3.066317293299209331e-07 -2.708685466422449008e-07 -2.404195800742465042e-07 -2.137041077795592391e-07 -1.909661846903889440e-07 -1.707363705544654312e-07 -1.531103711875960877e-07 -1.437416783046792740e-07
-3.406307553431037442e-08 -1.100693540819709698e-07 -1.903006677509507584e-07 -2.818869927430069109e-07 -3.913837685607724036e-07 -5.276710996719571952e-07 -6.987233872086280301e-07 -9.284105151325103656e-07 -1.224279003591683256e-06 -1.647791889650919022e-06 -2.212401785983671010e-06 -3.056394727245141190e-06 -4.265159408766472042e-06 -6.101907901862041252e-06 -9.084453936870978349e-06 -1.362407967532452182e-05 -2.241553720190720669e-05 -3.638087444886620950e-05 -6.916133743565904251e-05 -1.323257606753693505e-04 -3.699537928286150018e-04 7.749402713565868355e-04 -4.828260040051958468e-02 1.111760973518982176e+00 -2.818380437949116768e+01 5.974578151381336966e+02 -2.845860281947231840e+01 1.124969147910690248e+00 -4.939921353326859332e-02 6.381715737147217659e-04 -4.381396980116162676e-04 -1.681948322290830204e-04 -9.137271375766812772e-05 -5.008035731885658614e-05 -3.217226954126041499e-05 -2.041593278235228118e-05 -1.421167077884365869e-05 -9.985982749128435369e-06 -7.302170715462440932e-06 -5.489759181677683524e-06 -4.174633248128430659e-06 -3.279813118490278625e-06 -2.580201237247117227e-06 -2.086696260380324837e-06 -1.690828740159751091e-06 -1.395405598208240078e-06 -1.158976762362907057e-06 -9.716938319264896286e-07 -8.230782033110268209e-07 -6.996150924895864707e-07 -6.015510595105488046e-07 -5.178193200815959897e-07 -4.502527568898039191e-07 -3.921126562725427322e-07 -3.438898095359644248e-07 -3.025748027594881127e-07 -2.672383038148591298e-07 -2.371597568715134988e-07 -2.107746418687678667e-07 -1.883351530732448161e-07 -1.680877614738954218e-07 -1.576628406308706179e-07
-2.803925144170632526e-08 -9.079649271143600798e-08 -1.560508866057847379e-07 -2.306294502420056092e-07 -3.180853520449290484e-07 -4.251396115785013467e-07 -5.601842509814339834e-07 -7.312764605325161052e-07 -9.623554200406645219e-07 -1.260660569344143200e-06 -1.688658798225174036e-06 -2.258968999564877147e-06 -3.111943787000159591e-06 -4.332389220099004263e-06 -6.185921267752364836e-06 -9.193562058296799244e-06 -1.376629090737570651e-05 -2.261815538706004678e-05 -3.666136227000743602e-05 -6.961335880417720526e-05 -1.330477925676130631e-04 -3.713149245027819222e-04 7.723001629268132781e-04 -4.830559476188520107e-02 1.112030338087786729e+00 -2.818913031256306567e+01 5.974580612594891136e+02 -2.845355719038938602e+01 1.124738333943134050e+00 -4.937981048983257348e-02 6.406908691641546773e-04 -4.369158505409401552e-04 -1.675553632888181134e-04 -9.097973894237027610e-05 -4.983876303869282424e-05 -3.200191866845700787e-05 -2.029648079593405826e-05 -1.411934560736943895e-05 -9.915610272934497968e-06 -7.248388549429445487e-06 -5.447113948661620927e-06 -4.140543902037914688e-06 -3.251803797108372834e-06 -2.557190892329939924e-06 -2.067368785443393851e-06 -1.674580791587730024e-06 -1.381553123513095428e-06 -1.147109798037806007e-06 -9.614597779813782157e-07 -8.141815049090851037e-07 -6.918657645024287104e-07 -5.947406793024868659e-07 -5.118325560975471254e-07 -4.449496013325850043e-07 -3.874114365734497962e-07 -3.397007843612746294e-07 -2.988338426728767763e-07 -2.638891407904927235e-07 -2.341504240661822230e-07 -2.080820064308763879e-07 -1.856025439986330853e-07 -1.732508815335052230e-07
-2.332994058538926603e-08 -7.522052159282388599e-08 -1.293592176304154745e-07 -1.898124762865083241e-07 -2.611091631361438386e-07 -3.462547505284701480e-07 -4.522285904515482754e-07 -5.870353987105719457e-07 -7.588404648815601012e-07 -9.917724350020811978e-07 -1.292725272739212969e-06 -1.725218981978044746e-06 -2.301037484594905645e-06 -3.162523951736079212e-06 -4.393916381809215045e-06 -6.263088395240277574e-06 -9.294015082883973482e-06 -1.389743970925177807e-05 -2.280518998589584680e-05 -3.692051486207600670e-05 -7.003116477078097065e-05 -1.337155361569743303e-04 -3.725741464599355160e-04 7.698538032452830349e-04 -4.832683995336919947e-02 1.112279348883667529e+00 -2.819406392478337509e+01 5.974582810218274744e+02 -2.844887385269786506e+01 1.124523731159316808e+00 -4.936176939063428165e-02 6.430288723302845285e-04 -4.357793187137332103e-04 -1.669614301476321971e-04 -9.061481044266082689e-05 -4.961322651248194232e-05 -3.183989844310426069e-05 -2.018307933573641895e-05 -1.403520076993587361e-05 -9.852226709711797882e-06 -7.199162389397290086e-06 -5.407969818528568180e-06 -4.109203200740447553e-06 -3.226023970490200869e-06 -2.535998810610604951e-06 -2.049557355871314660e-06 -1.659601183231309148e-06 -1.368776332839377292e-06 -1.136160269552526792e-06 -9.520134823389402779e-07 -8.059664975819694531e-07 -6.847077801520925364e-07 -5.884475089513216735e-07 -5.062985256425074953e-07 -4.400455079219868201e-07 -3.830623636430642760e-07 -3.358239729623270563e-07 -2.953703612849722342e-07 -2.607867463947535074e-07 -2.313760236126150149e-07 -2.052543210789818710e-07 -1.914402493736635842e-07
-1.949869570930072158e-08 -6.292839678537804098e-08 -1.076372846382954524e-07 -1.579755724278467381e-07 -2.154663364011417341e-07 -2.849536056671024713e-07 -3.689152585076899504e-07 -4.746007426819208344e-07 -6.097881500137502784e-07 -7.826757371785925680e-07 -1.017701488744075575e-06 -1.321368160061806593e-06 -1.758257074117795492e-06 -2.339350849278257843e-06 -3.208860051564635897e-06 -4.450512664692763877e-06 -6.334262589286145720e-06 -9.386845489415917540e-06 -1.401879522698507876e-05 -2.297839241231391558e-05 -3.716069063046871068e-05 -7.041850677670931737e-05 -1.343349001088514454e-04 -3.737424981502525346e-04 7.675806456870034504e-04 -4.834652850278243347e-02 1.112510229888317825e+00 -2.819864702892225594e+01 5.974584780593542064e+02 -2.844451513545031673e+01 1.124323689002469262e+00 -4.934495153137277018e-02 6.452044908758873803e-04 -4.347211671549615851e-04 -1.664072447274207907e-04 -9.027129181920141604e-05 -4.940082225583793634e-05 -3.169056782097015769e-05 -2.007939490187430530e-05 -1.395754268657716977e-05 -9.793652349422413402e-06 -7.153632274998216865e-06 -5.371746000772126182e-06 -4.080193003829920815e-06 -3.202153548090437360e-06 -2.516373611503978935e-06 -2.033058699598809797e-06 -1.645723595855297143e-06 -1.356936877288431156e-06 -1.126012039139764718e-06 -9.432565978778982267e-07 -7.983491556033615305e-07 -6.780690503832013891e-07 -5.826091848190121495e-07 -5.011631604965927031e-07 -4.354932853858466906e-07 -3.790241675664894313e-07 -3.322231601313910835e-07 -2.921519775069837392e-07 -2.579188313849828974e-07 -2.284297634537229410e-07 -2.118819238218827685e-07
-1.641846171688900825e-08 -5.287052899903871306e-08 -9.046975384963514445e-08 -1.318676782643204659e-07 -1.798834868243982545e-07 -2.356209902411715679e-07 -3.041761236702434396e-07 -3.876678121916514553e-07 -4.935319476168653706e-07 -6.294727046126633243e-07 -8.036430024254481843e-07 -1.040861848603583765e-06 -1.347232949866926341e-06 -1.788352878025969031e-06 -2.374474927377006409e-06 -3.251523955655094740e-06 -4.502798885843772279e-06 -6.400151275317753934e-06 -9.472916253375202514e-06 -1.413143458406680127e-05 -2.313925476802545920e-05 -3.738391084977743599e-05 -7.077860465864844693e-05 -1.349109642338733772e-04 -3.748294789480081783e-04 7.654629459758335386e-04 -4.836482565030610081e-02 1.112724892330415827e+00 -2.820291569934839870e+01 5.974586554007934183e+02 -2.844044841578572402e+01 1.124136773712751225e+00 -4.932923654469408004e-02 6.472351301155813063e-04 -4.337299301629359807e-04 -1.658876089402925105e-04 -8.995210811221188651e-05 -4.920440156256411014e-05 -3.155183451232826240e-05 -1.998303958970452926e-05 -1.388534441743478661e-05 -9.739192956537327350e-06 -7.111297849206181508e-06 -5.338062787513243079e-06 -4.053218061303266364e-06 -3.179955823017765236e-06 -2.498123869255698002e-06 -2.017714687872008761e-06 -1.632816673258457156e-06 -1.345924180949264470e-06 -1.116571416344183897e-06 -9.351091839174857742e-07 -7.912607412730875984e-07 -6.718902904260223243e-07 -5.771741763903088452e-07 -4.963816103465511613e-07 -4.312536451405780225e-07 -3.752624294313284566e-07 -3.288674860855081799e-07 -2.891694967399493077e-07 -2.548388148179160938e-07 -2.359362432812525890e-07
-1.390698398989120929e-08 -4.474858306714397281e-08 -7.628943634961324182e-08 -1.112451075074258129e-07 -1.505282049338659030e-07 -1.971683504893638172e-07 -2.519271816240993793e-07 -3.200851213671016832e-07 -4.035584087840167572e-07 -5.098818779035763039e-07 -6.467885760060002286e-07 -8.223468913644717127e-07 -1.061769205661779151e-06 -1.370793509574365767e-06 -1.815948458365777067e-06 -2.406850029491918707e-06 -3.290978279537878630e-06 -4.551283022699270146e-06 -6.461348015032190300e-06 -9.552957091290560407e-06 -1.423627921295350070e-05 -2.328905846745597111e-05 -3.759191735898300682e-05 -7.111423870438423180e-05 -1.354481198828337302e-04 -3.758433085878465731e-04 7.634853012503419996e-04 -4.838187402264574472e-02 1.112924987816222400e+00 -2.820690122387808785e+01 5.974588155866022134e+02 -2.843664530079854558e+01 1.123961734854554306e+00 -4.931451577294603678e-02 6.491361091917339154e-04 -4.328040411487437669e-04 -1.654032219593737612e-04 -8.965410507675429682e-05 -4.902104124014378393e-05 -3.142230561118160976e-05 -1.989309622864633234e-05 -1.381795025246010665e-05 -9.688364546905918037e-06 -7.071788945970334496e-06 -5.306629335986156781e-06 -4.028047170553389519e-06 -3.159242379399129402e-06 -2.481095472127382679e-06 -2.003396818348651736e-06 -1.620772914831422140e-06 -1.335647201072922532e-06 -1.107760876812279783e-06 -9.275048103606711735e-07 -7.846439173074076704e-07 -6.661218866268004080e-07 -5.720992327057348957e-07 -4.919161336363047837e-07 -4.272934985492542199e-07 -3.717474662704962624e-07 -3.257508614427698652e-07 -2.859291933895433098e-07 -2.633841909495074421e-07
-1.183294087961070944e-08 -3.806707327553132040e-08 -6.485048431061322576e-08 -9.408228317725958001e-08 -1.273416759166473446e-07 -1.653268553782539037e-07 -2.111781071856315894e-07 -2.654589895471899888e-07 -3.335551343254089431e-07 -4.172895887035215719e-07 -5.242452751060990412e-07 -6.622268211239932129e-07 -8.392215131467755128e-07 -1.080805061633193900e-06 -1.392406805659374296e-06 -1.841390931253413718e-06 -2.436825992524891028e-06 -3.327603341507158715e-06 -4.596387471660112811e-06 -6.518356164773480780e-06 -9.627591782501013204e-06 -1.433412190639157080e-05 -2.342891149741227713e-05 -3.778621944249409043e-05 -7.142782315907300129e-05 -1.359501826376263202e-04 -3.767911355709404513e-04 7.616342765209157227e-04 -4.839779737775621454e-02 1.113111950986870102e+00 -2.821063087232078104e+01 5.974589607614108218e+02 -2.843308095986187212e+01 1.123797476258830752e+00 -4.930070213165404364e-02 6.509157482255587251e-04 -4.319365922162777594e-04 -1.649494431453129889e-04 -8.937494089366829078e-05 -4.884931467876482258e-05 -3.130099488929737148e-05 -1.980888003541533994e-05 -1.375485054882245627e-05 -9.640782666097009516e-06 -7.034807115927696368e-06 -5.277208603590977460e-06 -4.004490456658167946e-06 -3.139857461333700443e-06 -2.465160413175717828e-06 -1.989997879540992784e-06 -1.609502319447289566e-06 -1.326029467855146618e-06 -1.099515123571446469e-06 -9.203873847612866222e-07 -7.784501543386264762e-07 -6.607217657750229176e-07 -5.673476035009781081e-07 -4.877346669402747301e-07 -4.235839805833802013e-07 -3.684763320599529491e-07 -3.223252903247460950e-07 -2.956550330911264217e-07
-1.013771802645590344e-08 -3.254649234801446843e-08 -5.534736092732553115e-08 -8.023847717792738695e-08 -1.079572765498573409e-07 -1.401510408475728066e-07 -1.773713033295340334e-07 -2.228095690741253814e-07 -2.769334700704985190e-07 -3.451855089690474544e-07 -4.293479074627968798e-07 -5.370420069796750453e-07 -6.761425547724789784e-07 -8.545854361306559362e-07 -1.098260515284139059e-06 -1.412347782369839908e-06 -1.864958229248306147e-06 -2.464686514806684410e-06 -3.361716330532155739e-06 -4.638468894247393510e-06 -6.571605548406272694e-06 -9.697358246460585228e-06 -1.442564893680934004e-05 -2.355977792200743981e-05 -3.796813142014947501e-05 -7.172146455062171171e-05 -1.364204840344777534e-04 -3.776792065927523051e-04 7.598981057839571769e-04 -4.841270371824742125e-02 1.113287034964891120e+00 -2.821412851798619315e+01 5.974590927452068172e+02 -2.842973359371578823e+01 1.123643027876934708e+00 -4.928771356564917716e-02 6.525864512989294633e-04 -4.311219206998063470e-04 -1.645232947766847207e-04 -8.911278412153129241e-05 -4.868808303679549656e-05 -3.118709820820740641e-05 -1.972982742085479719e-05 -1.369562235176378917e-05 -9.596126591388221368e-06 -7.000102308194021807e-06 -5.249601263040221068e-06 -3.982387823510026237e-06 -3.121669374435744856e-06 -2.450210240518153075e-06 -1.977426837609225648e-06 -1.598928333310204032e-06 -1.317005819789624111e-06 -1.091778427395977167e-06 -9.137089601563643268e-07 -7.726379145841900662e-07 -6.556538701712978891e-07 -5.628878199455216067e-07 -4.838089309267273380e-07 -4.201254194343500742e-07 -3.648370407189913038e-07 -3.334414120697091573e-07
-8.709496316928332115e-09 -2.798665421520447304e-08 -4.750333279282532535e-08 -6.867196784270342487e-08 -9.229686843835705351e-08 -1.190596325152375924e-07 -1.505953164455923635e-07 -1.873987284996869061e-07 -2.326739197675502675e-07 -2.868431453115915711e-07 -3.553948800748160133e-07 -4.400798006490497655e-07 -5.485745133394981182e-07 -6.888004932895492815e-07 -8.686775316415096778e-07 -1.114362420870503513e-06 -1.430833117296210266e-06 -1.886876896308924704e-06 -2.490666366999201888e-06 -3.393584136976421941e-06 -4.677832126459377509e-06 -6.621465991054891151e-06 -9.762724082561142854e-06 -1.451145755397029696e-05 -2.368250064762345030e-05 -3.813880358452225437e-05 -7.199700964036403669e-05 -1.368619409689514419e-04 -3.785130916393639297e-04 7.582673516482071581e-04 -4.842668436291287792e-02 1.113451338580623950e+00 -2.821741516101629799e+01 5.974592130857238317e+02 -2.842658397377858037e+01 1.123497537219587450e+00 -4.927547794569369505e-02 6.541580844198666665e-04 -4.303552514276498542e-04 -1.641222613698450363e-04 -8.886607978392961139e-05 -4.853637879674592746e-05 -3.107993037237447666e-05 -1.965545790830684392e-05 -1.363990445698275612e-05 -9.554122179525103485e-06 -6.967460560445175816e-06 -5.223636564190991025e-06 -3.961602016622992745e-06 -3.104565082581278120e-06 -2.436151794282076275e-06 -1.965605408655080884e-06 -1.588985067865969734e-06 -1.308520117903258433e-06 -1.084502730061538962e-06 -9.074281582813509486e-07 -7.671713189729238245e-07 -6.508871068281644523e-07 -5.586918291113739793e-07 -4.801428226968081365e-07 -4.162305634045457344e-07 -3.775852383153775431e-07
-7.532796028384593376e-09 -2.414830445844101834e-08 -4.097391536751077711e-08 -5.910763994163725942e-08 -7.918213779469093794e-08 -1.019753036181737494e-07 -1.281491229386736378e-07 -1.593009736388441465e-07 -1.959130082179612887e-07 -2.411953308444182785e-07 -2.955351915449684884e-07 -3.644811377061390622e-07 -4.497391491149466450e-07 -5.590650382845508612e-07 -7.004021713017984071e-07 -8.816811065509124850e-07 -1.129291117820010900e-06 -1.448037700451830995e-06 -1.907333598122623526e-06 -2.514963023237132243e-06 -3.423433560033370868e-06 -4.714740596825838729e-06 -6.668257736928083163e-06 -9.824097952225541871e-06 -1.459207050047766702e-05 -2.379782038594879291e-05 -3.829924224742402517e-05 -7.225616876779568517e-05 -1.372762361619479397e-04 -3.792945140430624201e-04 7.567338341541871233e-04 -4.843982708258246644e-02 1.113605824651791254e+00 -2.822050933660153760e+01 5.974593231143294361e+02 -2.842361507877408044e+01 1.123360246910607207e+00 -4.926393149650363373e-02 6.556392699640203924e-04 -4.296324150098801897e-04 -1.637441513522791081e-04 -8.863347437001137415e-05 -4.839336148552209396e-05 -3.097889621338604935e-05 -1.958535463421754358e-05 -1.358738349430573080e-05 -9.514531680517758906e-06 -6.936696324053545839e-06 -5.199166411083031615e-06 -3.942013987703379266e-06 -3.088446502885993777e-06 -2.422904222622991025e-06 -1.954465615500598569e-06 -1.579615288898014232e-06 -1.300523568906243754e-06 -1.077646247977131712e-06 -9.015089863261294478e-07 -7.620192293708868749e-07 -6.463934677112506904e-07 -5.547673448855331203e-07 -4.759609504248120503e-07 -4.308808809941927659e-07
-6.530673215941218732e-09 -2.095629192990585933e-08 -3.547109569801949753e-08 -5.112263115368132228e-08 -6.829944078393726743e-08 -8.766240953038048861e-08 -1.099169413965816086e-07 -1.357436019968083401e-07 -1.667012214624045628e-07 -2.032670798992730012e-07 -2.486733482322602304e-07 -3.032610697528070339e-07 -3.726601628286013070e-07 -4.585158176575155447e-07 -5.686805247504578793e-07 -7.111041781215316222e-07 -8.937404488918759220e-07 -1.143191698714801655e-06 -1.464105537046743681e-06 -1.926484054564534401e-06 -2.537745104209885021e-06 -3.451458905485691037e-06 -4.749423477848305337e-06 -6.712260088525743340e-06 -9.881839163576281259e-06 -1.466794274069946565e-05 -2.390647256409331311e-05 -3.844947732854343516e-05 -7.249736665378767443e-05 -1.376647033608941200e-04 -3.800322172854112175e-04 7.552858054652862281e-04 -4.845220450144556434e-02 1.113751348880313907e+00 -2.822342747093485471e+01 5.974594239765967814e+02 -2.842081178671145025e+01 1.123230482549082421e+00 -4.925301749877868812e-02 6.570376308094366593e-04 -4.289497289592344759e-04 -1.633870327226348497e-04 -8.841377619029713050e-05 -4.825829255623380033e-05 -3.088347309278693280e-05 -1.951915204152065021e-05 -1.353778480632861527e-05 -9.477146867798920776e-06 -6.907647162467423617e-06 -5.176061186145497287e-06 -3.923519572707963749e-06 -3.073227810700238691e-06 -2.410396784689158306e-06 -1.943947970724190176e-06 -1.570768903789770152e-06 -1.292973465357988032e-06 -1.071172402992899069e-06 -8.959200293701483066e-07 -7.571533087961665634e-07 -6.421851148533279566e-07 -5.502325132156922099e-07 -4.929264250710204396e-07
-5.693367626006085949e-09 -1.823658459423197666e-08 -3.087556043082007150e-08 -4.436545625542100548e-08 -5.921112897154871061e-08 -7.573998828080748725e-08 -9.464569007006013296e-08 -1.165657413477948779e-07 -1.422043752583642969e-07 -1.731006207592527332e-07 -2.097145886333669109e-07 -2.553231093891442350e-07 -3.102064648337677306e-07 -3.800916194121951974e-07 -4.665546419893930394e-07 -5.775495666786111336e-07 -7.210296683283706442e-07 -9.049716667341210647e-07 -1.156182557186743215e-06 -1.479157483559450644e-06 -1.944459493760246054e-06 -2.559157859329208795e-06 -3.477828221668389635e-06 -4.782081718281319430e-06 -6.753713419509877304e-06 -9.936344223532750757e-06 -1.473864500079506534e-05 -2.400611799468781559e-05 -3.858938431794292721e-05 -7.272620340956337096e-05 -1.380328857965728467e-04 -3.807292043158872407e-04 7.539173463772811312e-04 -4.846388136373430688e-02 1.113888669458450442e+00 -2.822618417278785330e+01 5.974595166632176415e+02 -2.841816061703421425e+01 1.123107641701651893e+00 -4.924268531271470961e-02 6.583599450641831234e-04 -4.283039204163002463e-04 -1.630491906558758698e-04 -8.820592861523571867e-05 -4.813051820374026897e-05 -3.079319866792071860e-05 -1.945652715741235186e-05 -1.349086588082912220e-05 -9.441784030594001177e-06 -6.880169842063157611e-06 -5.154206639086191292e-06 -3.906026995275282474e-06 -3.058833396517049940e-06 -2.398567175653600520e-06 -1.934000077972072158e-06 -1.562401804162474307e-06 -1.285832202104719491e-06 -1.065049102313503831e-06 -8.906324062706453647e-07 -7.525906010071365711e-07 -6.372558200468906399e-07 -5.698797493421268323e-07
-4.978068645868545038e-09 -1.595026038073492467e-08 -2.694295529187533849e-08 -3.872000524422087070e-08 -5.148335407399266784e-08 -6.578859918656722111e-08 -8.188468963616008997e-08 -1.005028890972281371e-07 -1.222330734790741655e-07 -1.477897635225954419e-07 -1.787167042752657858e-07 -2.154412192840496702e-07 -2.613020541745699734e-07 -3.165111141573626654e-07 -3.868964485385768828e-07 -4.739674005896219574e-07 -5.857734773723423398e-07 -7.302769354137615104e-07 -9.154702701740646399e-07 -1.168361435065115531e-06 -1.493296102154879557e-06 -1.961371862196966683e-06 -2.579327745355640522e-06 -3.502683441872646704e-06 -4.812969069139167350e-06 -6.792025137410459845e-06 -9.985068253487763338e-06 -1.480364746950199255e-05 -2.410145729174683292e-05 -3.872308067507794119e-05 -7.294304820985988763e-05 -1.383813265217796956e-04 -3.813885000773188302e-04 7.526222203244777292e-04 -4.847491546798401996e-02 1.114018461295980922e+00 -2.822879247799135527e+01 5.974596020345721854e+02 -2.841564951375624659e+01 1.122991184564043232e+00 -4.923288957591828718e-02 6.596122650064128231e-04 -4.276920673982634270e-04 -1.627290955811241176e-04 -8.800898991571797522e-05 -4.800945645221973138e-05 -3.070766164461172140e-05 -1.939719298408103430e-05 -1.344641134504254783e-05 -9.408280139056536317e-06 -6.854137323648710473e-06 -5.133501480262461978e-06 -3.889454926681598902e-06 -3.045196273390196326e-06 -2.387360211674044661e-06 -1.924575545629978510e-06 -1.554474948274093375e-06 -1.279066632436942624e-06 -1.059246543862367756e-06 -8.856691176140967051e-07 -7.471710399250915828e-07 -6.602640375545995246e-07
-4.369789503399518249e-09 -1.399014589522335793e-08 -2.363506405358406535e-08 -3.386143093164143321e-08 -4.503152706470269677e-08 -5.729264621083413898e-08 -7.123599622893224223e-08 -8.705261812732138295e-08 -1.054982919544096393e-07 -1.271406229177194799e-07 -1.526877851808175904e-07 -1.837075751175051351e-07 -2.205853824653459737e-07 -2.667280023984387515e-07 -3.222813316173910478e-07 -3.931682932234370423e-07 -4.808416059631257562e-07 -5.934339688817435981e-07 -7.389253975819901359e-07 -9.253158584483028678e-07 -1.179810218385408380e-06 -1.506609646102548111e-06 -1.977313231017954064e-06 -2.598439705239802976e-06 -3.525370584474894709e-06 -4.839506120817770675e-06 -6.826521579243717024e-06 -1.003231127601849867e-05 -1.486657748350788672e-05 -2.419221092956947333e-05 -3.884997999763829699e-05 -7.314856904596442734e-05 -1.387114336399302458e-04 -3.820129991350026391e-04 7.513947454251658845e-04 -4.848535846215808881e-02 1.114141327203807430e+00 -2.823126405557960439e+01 5.974596808407598019e+02 -2.841326766210765342e+01 1.122880626031957485e+00 -4.922358952961750078e-02 6.608000139382130128e-04 -4.271115514238112728e-04 -1.624253776993385249e-04 -8.782211724070527656e-05 -4.789458695291641825e-05 -3.062649446837956607e-05 -1.934089328323722689e-05 -1.340422900919035881e-05 -9.376489810191659859e-06 -6.829436377743006635e-06 -5.113855468181651402e-06 -3.873730944003173286e-06 -3.032256802678355615e-06 -2.376726793947834250e-06 -1.915633110147937230e-06 -1.546953777720051176e-06 -1.272645663267577120e-06 -1.053794512710059644e-06 -8.796886392683035068e-07 -7.741096834093927314e-07
-3.850232921943144070e-09 -1.231985806378883683e-08 -2.077972074670085724e-08 -2.977835327382483119e-08 -3.945184087503608491e-08 -5.020185645720690030e-08 -6.212047805135018449e-08 -7.582415399012467514e-08 -9.147057072705662067e-08 -1.098235228057756311e-07 -1.314488250206038930e-07 -1.570376789870203913e-07 -1.881905641552252470e-07 -2.252513191001712038e-07 -2.716909831063142140e-07 -3.275991031675745868e-07 -3.989813895203572204e-07 -4.872465956548435095e-07 -6.005978856437721140e-07 -7.470402709348944816e-07 -9.345758971537178855e-07 -1.190594114448712227e-06 -1.519246349478376143e-06 -1.991610698610043050e-06 -2.613943405535272607e-06 -3.545162335938853664e-06 -4.865748553125708269e-06 -6.860574776857313376e-06 -1.007758458059947343e-05 -1.492654743584048322e-05 -2.427845598953887649e-05 -3.897045230318507344e-05 -7.334354923312914312e-05 -1.390245633285775676e-04 -3.826053484165534754e-04 7.502297868464172757e-04 -4.849525661701643148e-02 1.114257807286284319e+00 -2.823360938233679818e+01 5.974597537380936956e+02 -2.841100533279852414e+01 1.122775528944566448e+00 -4.921474844718802533e-02 6.619280669390121630e-04 -4.265600182684680460e-04 -1.621368060346286167e-04 -8.764455350600832372e-05 -4.778544268365723219e-05 -3.054936738755785724e-05 -1.928739835109633118e-05 -1.336414666293937791e-05 -9.346282852551752855e-06 -6.805965653943252883e-06 -5.095187863769049651e-06 -3.858790277604120413e-06 -3.019961679885025234e-06 -2.366623063613490551e-06 -1.907136108678387238e-06 -1.539805546475249711e-06 -1.266607515194648300e-06 -1.047123840453863310e-06 -9.116212568667864006e-07
-3.401042761454842329e-09 -1.088388407816045271e-08 -1.835049433642705484e-08 -2.623312247541275945e-08 -3.476446872585787936e-08 -4.405014603047852939e-08 -5.450853414270291521e-08 -6.619924207802676971e-08 -7.974895548257060867e-08 -9.530227024109908955e-08 -1.136198687200630710e-07 -1.352760784774969750e-07 -1.609435851634599071e-07 -1.922544743345959022e-07 -2.295185330613975062e-07 -2.762613865554155560e-07 -3.325283619652924158e-07 -4.043954477236352777e-07 -4.932382261144158988e-07 -6.073209556493874288e-07 -7.546717604975643048e-07 -9.433773801772172320e-07 -1.200041258891762959e-06 -1.528711805993927325e-06 -2.003520919027482125e-06 -2.629710757111370381e-06 -3.565258193421988691e-06 -4.891134323809765776e-06 -6.893201960174931614e-06 -1.012076617735576841e-05 -1.498362856854139918e-05 -2.436044084572800236e-05 -3.908492113871725752e-05 -7.352874259192277253e-05 -1.393219654596265550e-04 -3.831679483822375012e-04 7.491227057912453954e-04 -4.850465150104930900e-02 1.114368386894662333e+00 -2.823583789128577237e+01 5.974598213028909868e+02 -2.840885374916189932e+01 1.122675498304471775e+00 -4.920633314647150647e-02 6.630008190428167110e-04 -4.260353449686021961e-04 -1.618622709174473602e-04 -8.747561647295318255e-05 -4.768160306909386922e-05 -3.047598354192902108e-05 -1.923650153401453109e-05 -1.332600943633931113e-05 -9.317542245424652322e-06 -6.783634096933573203e-06 -5.077426155352758716e-06 -3.844574803492101341e-06 -3.008263094091282431e-06 -2.357009920638175833e-06 -1.899049451264437832e-06 -1.533078615455242324e-06 -1.259107146996685061e-06 -1.085086373663206266e-06
-3.016968970276118201e-09 -9.643523902386163582e-09 -1.624625260479520884e-08 -2.321892790245619984e-08 -3.067952685412589714e-08 -3.887813019770169283e-08 -4.789452829749628302e-08 -5.815198161986048503e-08 -6.969647679049931846e-08 -8.315440552133085046e-08 -9.866810388796570548e-08 -1.169925170689070061e-07 -1.387113967854888412e-07 -1.644843207479441761e-07 -1.959680100141356380e-07 -2.334482847690354650e-07 -2.804950393229940517e-07 -3.371197737457660962e-07 -4.094594660150803995e-07 -4.988581988608451789e-07 -6.137170130642564850e-07 -7.611592081837921273e-07 -9.492941594325408135e-07 -1.207409949181550988e-06 -1.538721696367313841e-06 -2.016106697386980662e-06 -2.645157591198014810e-06 -3.584651337845023931e-06 -4.915463817344239404e-06 -6.924360251174128008e-06 -1.016191986165743903e-05 -1.503797326522803541e-05 -2.443843751494115864e-05 -3.919379780227977430e-05 -7.370484795135650799e-05 -1.396047803731774418e-04 -3.837029734283596539e-04 7.480693058137934202e-04 -4.851358056032797211e-02 1.114473503397561238e+00 -2.823795809851369754e+01 5.974598840429015354e+02 -2.840680497333957888e+01 1.122580176313855871e+00 -4.919831357155005774e-02 6.640222432661632961e-04 -4.255356118116978724e-04 -1.616007691732363860e-04 -8.731468954271299229e-05 -4.758268820461770992e-05 -3.040607484792546487e-05 -1.918801631762333888e-05 -1.328967759766418050e-05 -9.290162460310086260e-06 -6.762359624546344626e-06 -5.060505026131533521e-06 -3.831032201720207191e-06 -2.997118290015827794e-06 -2.347849555187856314e-06 -1.891434060568839905e-06 -1.524580917332413953e-06 -1.304705790613630705e-06
-2.680934288455736150e-09 -8.574477366808588321e-09 -1.443170827544619183e-08 -2.059614116769211524e-08 -2.720294211101619804e-08 -3.436345891611978849e-08 -4.232434403311390552e-08 -5.115660260764482486e-08 -6.127926281596842401e-08 -7.273509150827669992e-08 -8.614739797672052852e-08 -1.016581658153282649e-07 -1.200206642747566153e-07 -1.418231157949708140e-07 -1.677201020817160429e-07 -1.993850651455698970e-07 -2.370885010913095456e-07 -2.844371233156870262e-07 -3.414102589225081562e-07 -4.142786193114904845e-07 -5.034625358436493357e-07 -6.174341355716364453e-07 -7.657715414762024910e-07 -9.558998946091298367e-07 -1.215644168818398764e-06 -1.548691873485919241e-06 -2.028366778058017425e-06 -2.660052633093734541e-06 -3.603248953214571328e-06 -4.938725067554467151e-06 -6.954096363642464838e-06 -1.020114999687026042e-05 -1.508974781654642640e-05 -2.451271051615440774e-05 -3.929746698869987319e-05 -7.387250619787026867e-05 -1.398740458741578349e-04 -3.842123948428198305e-04 7.470657834335981502e-04 -4.852207761604544062e-02 1.114573551969500143e+00 -2.823997771194428097e+01 5.974599424068072722e+02 -2.840485180840797952e+01 1.122489238095594200e+00 -4.919066243256777632e-02 6.649959402984088365e-04 -4.250590783917051118e-04 -1.613513914978637303e-04 -8.716121392821456746e-05 -4.748835396133714560e-05 -3.033939851776138184e-05 -1.914177386995300802e-05 -1.325502470341264954e-05 -9.264048044019911998e-06 -6.742068049656324151e-06 -5.044365482017578767e-06 -3.818115562064923634e-06 -2.986485515736578355e-06 -2.339219028467562583e-06 -1.881658388122485363e-06 -1.579899027283672681e-06
-2.392027250129796645e-09 -7.640820243753683086e-09 -1.285825899935325551e-08 -1.833239660953991272e-08 -2.417229139035811137e-08 -3.051247647162235499e-08 -3.746070361984028290e-08 -4.525337182885151485e-08 -5.396209226592742972e-08 -6.399934325300321216e-08 -7.540678302135665380e-08 -8.880814078641185983e-08 -1.043412356202213864e-07 -1.227644653468697520e-07 -1.446643999176228159e-07 -1.706975923532348280e-07 -2.025487670880969831e-07 -2.404735229029707910e-07 -2.881867929404688852e-07 -3.447755824869864081e-07 -4.165781790859217521e-07 -5.063356010659198068e-07 -6.219120830100044391e-07 -7.713438193263043619e-07 -9.626210508353750446e-07 -1.223762089406939458e-06 -1.558379410507403903e-06 -2.040185445513737342e-06 -2.674349465798539603e-06 -3.621049723623879355e-06 -4.960952498845794451e-06 -6.982480298435491782e-06 -1.023856927196185644e-05 -1.513911542148924916e-05 -2.458350846610142561e-05 -3.939628394644816180e-05 -7.403230307411768089e-05 -1.401307064472597690e-04 -3.846980025578374007e-04 7.461086842520992012e-04 -4.853017329227144600e-02 1.114668890560939651e+00 -2.824190372498748758e+01 5.974599967923551276e+02 -2.840298771389720045e+01 1.122402387991800365e+00 -4.918335489435102237e-02 6.659251812648527826e-04 -4.246041630257530288e-04 -1.611133116282485972e-04 -8.701468195285929914e-05 -4.739828780713664609e-05 -3.027573409158830904e-05 -1.909762095874224048e-05 -1.322193602157882473e-05 -9.239112456910158561e-06 -6.722692161776305556e-06 -5.028954491379503611e-06 -3.805778595196445590e-06 -2.976461599280586376e-06 -2.327935859599624721e-06 -1.949134711942458329e-06
-2.137812479195061414e-09 -6.832437088498613521e-09 -1.148381666699047912e-08 -1.636487215622001380e-08 -2.154942700836697199e-08 -2.715506089842418969e-08 -3.330099968018716792e-08 -4.009993405796632310e-08 -4.777643786160225885e-08 -5.640459767113167486e-08 -6.639381143300781673e-08 -7.778127441644664841e-08 -9.119732371417351306e-08 -1.067705007216457036e-07 -1.252702210207096813e-07 -1.472774181453874185e-07 -1.734498873281117333e-07 -2.055538593380095897e-07 -2.430006215475394297e-07 -2.895480020606091253e-07 -3.465181956695197486e-07 -4.196690302204895322e-07 -5.102094668972662717e-07 -6.265934005325751946e-07 -7.769206531531656701e-07 -9.692127001452656029e-07 -1.231637984700024584e-06 -1.567721498712604470e-06 -2.051537699803440638e-06 -2.688049738399743371e-06 -3.638079238312931894e-06 -4.982194945874379517e-06 -7.009587763061976085e-06 -1.027428873008727534e-05 -1.518623075326798644e-05 -2.465106201938116202e-05 -3.949057513940057191e-05 -7.418477355655897075e-05 -1.403756224990847603e-04 -3.851614247976160497e-04 7.451948643876347327e-04 -4.853789538478234245e-02 1.114759844181300474e+00 -2.824374249745739718e+01 5.974600475530852464e+02 -2.840120673260876671e+01 1.122319356350728548e+00 -4.917636830622704180e-02 6.668129446864587504e-04 -4.241694249757203155e-04 -1.608857770054506104e-04 -8.687463128236355052e-05 -4.731220521720210854e-05 -3.021488090139523683e-05 -1.905541816401904633e-05 -1.319030723564583534e-05 -9.215277082190534316e-06 -6.704171421749983828e-06 -5.014219229924732522e-06 -3.794145270883587837e-06 -2.963127742600679449e-06 -2.411891218559211421e-06
-1.917074540532881577e-09 -6.121391405734915694e-09 -1.028995291156040628e-08 -1.464116033964148606e-08 -1.926964832925562983e-08 -2.423975856852679990e-08 -2.967610482635970916e-08 -3.568206982889908390e-08 -4.237681423098639077e-08 -4.997671865272463559e-08 -5.855508523527923783e-08 -6.852425233257561467e-08 -7.991224811156877848e-08 -9.336144136957680308e-08 -1.089878652527353445e-07 -1.275706054933535140e-07 -1.497535136865102370e-07 -1.753968084798814710e-07 -2.062837267419030111e-07 -2.439918151061270568e-07 -2.917060407016779025e-07 -3.492709685790159676e-07 -4.230128039934966741e-07 -5.141589196019021839e-07 -6.312361972043101720e-07 -7.823729979331243202e-07 -9.756044067912072516e-07 -1.239234814685900817e-06 -1.576703295789061448e-06 -2.062426669498644074e-06 -2.701171940427994244e-06 -3.654372522666507954e-06 -5.002505293024538966e-06 -7.035493917807072981e-06 -1.030841418102476549e-05 -1.523123828283316757e-05 -2.471558399546208593e-05 -3.958064007679009056e-05 -7.433040649879769110e-05 -1.406095789587886340e-04 -3.856041455209907143e-04 7.443214566980127858e-04 -4.854526918011107389e-02 1.114846708604021019e+00 -2.824549982574157880e+01 5.974600950041058240e+02 -2.839950342701432717e+01 1.122239896728563391e+00 -4.916968196681949926e-02 6.676619485495248994e-04 -4.237535490292914514e-04 -1.606681006878263361e-04 -8.674063993377849357e-05 -4.722984658471092163e-05 -3.015665587523116097e-05 -1.901503839813007356e-05 -1.316004332320742389e-05 -9.192470948247409579e-06 -6.686444926202228024e-06 -5.000317009550426977e-06 -3.778370212484170861e-06 -3.067628971066458867e-06
-1.722687434410949820e-09 -5.501271769148489724e-09 -9.236721771409047324e-09 -1.314371447699102505e-08 -1.726461240917006962e-08 -2.170751357539717567e-08 -2.651928531091064865e-08 -3.183321543737273186e-08 -3.774055989898879876e-08 -4.436372397382581912e-08 -5.191690898248347948e-08 -6.046802403996758406e-08 -7.043769922047536240e-08 -8.184178509181164835e-08 -9.533326182710104892e-08 -1.110819168286459809e-07 -1.291086325257547632e-07 -1.500558968072970141e-07 -1.758807627765231143e-07 -2.078002524652459841e-07 -2.459832810608854959e-07 -2.941433768793739651e-07 -3.521409289457413561e-07 -4.263734489003953740e-07 -5.180552881251631750e-07 -6.357670225638701820e-07 -7.876578447255684899e-07 -9.817727634635921963e-07 -1.246543767865926120e-06 -1.585327654578008542e-06 -2.072866533437068712e-06 -2.713741085469710916e-06 -3.669967565067364518e-06 -5.021936373139440953e-06 -7.060270884323901827e-06 -1.034104494195968583e-05 -1.527427204465131184e-05 -2.477727031990854738e-05 -3.966675348533355732e-05 -7.446964908190880771e-05 -1.408332930563900934e-04 -3.860275198054023303e-04 7.434858412028790562e-04 -4.855231773243049581e-02 1.114929753582385441e+00 -2.824718100384500019e+01 5.974601394270529227e+02 -2.839787282379660383e+01 1.122163783445039753e+00 -4.916327691862337756e-02 6.684746782286939745e-04 -4.233553320799111376e-04 -1.604596543205549081e-04 -8.661232195753458356e-05 -4.715097453919066603e-05 -3.010089172202399678e-05 -1.897636564324915400e-05 -1.313105836005573232e-05 -9.170622020023659073e-06 -6.669718097127495998e-06 -4.981099125915029944e-06 -3.912325999214532884e-06
-1.551786753456291340e-09 -4.953861074890587192e-09 -8.318039654953348425e-09 -1.181680550084638947e-08 -1.552420973519101570e-08 -1.947264801480032450e-08 -2.377838743485125728e-08 -2.847462066740100899e-08 -3.370027093946740688e-08 -3.954039771386476939e-08 -4.611609298543170235e-08 -5.364479370688051846e-08 -6.218595088100595884e-08 -7.216733986346510766e-08 -8.365612985291762550e-08 -9.657941474085538248e-08 -1.110959455671714384e-07 -1.292475424496615484e-07 -1.511244715270977621e-07 -1.773429268763579407e-07 -2.096078250255587762e-07 -2.481154732112497164e-07 -2.966314429942268583e-07 -3.550019141502289666e-07 -4.296770899071553942e-07 -5.218529618224490586e-07 -6.401580904973082266e-07 -7.927599407934416031e-07 -9.877121608319000107e-07 -1.253567699012342103e-06 -1.593605032255999104e-06 -2.082876073737977372e-06 -2.725784471713278728e-06 -3.684902529213568595e-06 -5.040539196195068880e-06 -7.083986761037666712e-06 -1.037227354782494366e-05 -1.531545599868611531e-05 -2.483630125023435686e-05 -3.974916750014689917e-05 -7.460291091415999416e-05 -1.410474212707665278e-04 -3.864327873859501445e-04 7.426856191535981646e-04 -4.855906210458096894e-02 1.115009225649557623e+00 -2.824879087666106869e+01 5.974601810741860390e+02 -2.839631036534469644e+01 1.122090809441449233e+00 -4.915713576804447288e-02 6.692534108809458822e-04 -4.229736714014369872e-04 -1.602598620150257644e-04 -8.648932365904764730e-05 -4.707537170534962481e-05 -3.004743534867323405e-05 -1.893929478713420297e-05 -1.310326445346510080e-05 -9.149997228094604434e-06 -6.646153637838427361e-06 -5.152825216787949880e-06
-1.401437105063822877e-09 -4.472110684974287327e-09 -7.502802677975718361e-09 -1.066063039796958753e-08 -1.397579322355003797e-08 -1.753369505375359634e-08 -2.135362320950954906e-08 -2.555767271427266350e-08 -3.017099128642452836e-08 -3.533375726202329866e-08 -4.113024917423710089e-08 -4.767708619965856801e-08 -5.519418713902557020e-08 -6.379302654039126676e-08 -7.320373426675298861e-08 -8.347889647659307602e-08 -9.648419997862854131e-08 -1.118487151578828879e-07 -1.303346309873307895e-07 -1.524862719034424399e-07 -1.789578967358813664e-07 -2.114863728608566753e-07 -2.502660177413630803e-07 -2.990974741176473908e-07 -3.578076692124964928e-07 -4.328939226559773537e-07 -5.255333052528822087e-07 -6.443991280137896300e-07 -7.976758034263769060e-07 -9.934250055222274252e-07 -1.260314821238502355e-06 -1.601549272034699814e-06 -2.092475805528133179e-06 -2.737329723885149816e-06 -3.699214468121777983e-06 -5.058362184970521637e-06 -7.106705312112490074e-06 -1.040218589285228728e-05 -1.535490463657262776e-05 -2.489284266354345061e-05 -3.982811374446553924e-05 -7.473056774090646348e-05 -1.412525655030114654e-04 -3.868210845718391441e-04 7.419185902604166554e-04 -4.856552157856197649e-02 1.115085350565118150e+00 -2.825033388661610090e+01 5.974602201720645098e+02 -2.839481186720787065e+01 1.122020784398665816e+00 -4.915124252730622423e-02 6.700002368184656849e-04 -4.226075544049419591e-04 -1.600681949913425437e-04 -8.637132044445542517e-05 -4.700283879733964582e-05 -2.999614780236772857e-05 -1.890371743208501127e-05 -1.307701889471223320e-05 -9.120299082492351036e-06 -6.873822814977146640e-06
-1.267738952749225636e-09 -4.046143051539162665e-09 -6.786613064591522810e-09 -9.629763169871893199e-09 -1.262738658035497198e-08 -1.580399395339213302e-08 -1.924908125035262654e-08 -2.297409095066033447e-08 -2.710295579335973190e-08 -3.165801949337134110e-08 -3.677756862420785584e-08 -4.254468623573951365e-08 -4.912893641860258620e-08 -5.607985364599082141e-08 -6.349350827640461322e-08 -7.295234219156978905e-08 -8.400804482675004953e-08 -9.730171499242717325e-08 -1.128904428579649156e-07 -1.315791130874165823e-07 -1.539303760857640083e-07 -1.806078827722215883e-07 -2.133651918421603470e-07 -2.523891956097813385e-07 -3.015110520358648134e-07 -3.605379594233712396e-07 -4.360111583566001460e-07 -5.290892776951195001e-07 -6.484879425202092066e-07 -8.024076068852427039e-07 -9.989175972218809876e-07 -1.266795852099772093e-06 -1.609175596975749953e-06 -2.101686574949015643e-06 -2.748403836086611407e-06 -3.712938729241024756e-06 -5.075450887678505767e-06 -7.128485975723243389e-06 -1.043086156447461317e-05 -1.539272367265597061e-05 -2.494704730776124116e-05 -3.990380524892733955e-05 -7.485296477206695824e-05 -1.414492785495920907e-04 -3.871934547445587179e-04 7.411827326507627097e-04 -4.857171383987613639e-02 1.115158335458246386e+00 -2.825181411460513559e+01 5.974602569245854511e+02 -2.839337348066893796e+01 1.121953533078794418e+00 -4.914558247516339490e-02 6.707170782624808422e-04 -4.222560496219291554e-04 -1.598841670463056373e-04 -8.625801408463435111e-05 -4.693319463484549184e-05 -2.994688539273196426e-05 -1.887011774750688153e-05 -1.303859904199794817e-05 -9.425617264180526398e-06
-1.150065146068760699e-09 -3.667881661126034667e-09 -6.149516221884348654e-09 -8.724974783320821730e-09 -1.142144869380289281e-08 -1.429688543630629259e-08 -1.736928831002438261e-08 -2.072906288821906382e-08 -2.438467071562700901e-08 -2.845891390647424433e-08 -3.297111655161353936e-08 -3.811209306195252307e-08 -4.332295728816266643e-08 -4.875700303599896849e-08 -5.572844187119461444e-08 -6.386442183489464800e-08 -7.357437938758785655e-08 -8.481742924878223770e-08 -9.827616626722806144e-08 -1.140198024139074880e-07 -1.328682968965951321e-07 -1.553887530886424942e-07 -1.822484370393874048e-07 -2.152141226271451296e-07 -2.544642516058755521e-07 -3.038581537119021740e-07 -3.631838106749345438e-07 -4.390239611727490263e-07 -5.325195442445773160e-07 -6.524264316857384421e-07 -8.069603948673627645e-07 -1.004198139876849120e-06 -1.273022582390685578e-06 -1.616499581040767872e-06 -2.110528842079005908e-06 -2.759032701077443912e-06 -3.726108703744329896e-06 -5.091847929209867456e-06 -7.149384026325679905e-06 -1.045837425655694396e-05 -1.542901074506144071e-05 -2.499905597548825111e-05 -3.997643819828109179e-05 -7.497041965511581517e-05 -1.416380689543800763e-04 -3.875508576221664407e-04 7.404761851889701731e-04 -4.857765513944133084e-02 1.115228370710751760e+00 -2.825323531603805094e+01 5.974602915156491463e+02 -2.839199165973404604e+01 1.121888893860145231e+00 -4.914014203392986363e-02 6.714057058656050340e-04 -4.219182990298413292e-04 -1.597073306812785913e-04 -8.614913273705328723e-05 -4.686625074666271303e-05 -2.990031551713801905e-05 -1.881971562878862996e-05 -1.345920958155592271e-05
-1.044591624132234504e-09 -3.332832744980513366e-09 -5.584834511533162791e-09 -7.917117165790102801e-09 -1.036233923125167036e-08 -1.294724439605993713e-08 -1.572891025988555950e-08 -1.872330888504652585e-08 -2.201912268531038197e-08 -2.562166209092667163e-08 -2.970412125333469817e-08 -3.367433422249921833e-08 -3.770444606959317446e-08 -4.291288942583832614e-08 -4.901678223671737098e-08 -5.620826867461713647e-08 -6.450369660514302424e-08 -7.434939629417767271e-08 -8.571564580314703938e-08 -9.930030808915144990e-08 -1.151718445723540695e-07 -1.341594779454252609e-07 -1.568320646456971646e-07 -1.838589572331456417e-07 -2.170187063041155709e-07 -2.564812633573542073e-07 -3.061324698798825378e-07 -3.657418604416254180e-07 -4.419316105824609400e-07 -5.358257810529509374e-07 -6.562186451906308436e-07 -8.113406639126135012e-07 -1.009275698170676034e-06 -1.279007112484528173e-06 -1.623536600304025317e-06 -2.119022312059617144e-06 -2.769240892435493725e-06 -3.738755755616148504e-06 -5.107593083959050961e-06 -7.169450808522489725e-06 -1.048479220526957286e-05 -1.546385609137034434e-05 -2.504899858498085331e-05 -4.004619350928467552e-05 -7.508322512746130927e-05 -1.418194053125386911e-04 -3.878941774523552832e-04 7.397972318458656852e-04 -4.858336043620262168e-02 1.115295631616675776e+00 -2.825460095266023330e+01 5.974603241114946286e+02 -2.839066313194253510e+01 1.121826717439768029e+00 -4.913490866059589540e-02 6.720677529162997696e-04 -4.215935114914460950e-04 -1.595372772173815786e-04 -8.604439518882147774e-05 -4.680297333301849618e-05 -2.982968780570828445e-05 -1.942402428885294427e-05
-9.513792930981582669e-10 -3.033139395559231196e-09 -5.082189646331382531e-09 -7.200792288455248037e-09 -9.415305674097550599e-09 -1.175970729835721939e-08 -1.425979452711263524e-08 -1.696974935274880167e-08 -1.990327094404135727e-08 -2.319601215970257824e-08 -2.627430842247110904e-08 -2.928835366955484913e-08 -3.323664563926185774e-08 -3.788750715712653726e-08 -4.328955597573876941e-08 -4.953075112726903495e-08 -5.683461790617603618e-08 -6.523011347114158474e-08 -7.517584611145404592e-08 -8.664111030222102807e-08 -1.003334937599453780e-07 -1.163184250018964831e-07 -1.354326393745389705e-07 -1.582459309045421538e-07 -1.854291890101413233e-07 -2.187718905262918977e-07 -2.584357410023023272e-07 -3.083317308025938246e-07 -3.682117703931796194e-07 -4.447356314169246293e-07 -5.390112968293185733e-07 -6.598697557783477901e-07 -8.155555915882260794e-07 -1.014159620683539304e-06 -1.284761431251802276e-06 -1.630301538068088903e-06 -2.127185753694130826e-06 -2.779051583890926213e-06 -3.750909246241094621e-06 -5.122723409528976939e-06 -7.188733998861456404e-06 -1.051017861902240426e-05 -1.549734318204278532e-05 -2.509699516502698536e-05 -4.011323825054848811e-05 -7.519165138029097935e-05 -1.419937200944709841e-04 -3.882242302687648325e-04 7.391442878423481111e-04 -4.858884352306298837e-02 1.115360279847980030e+00 -2.825591422070332115e+01 5.974603548626582779e+02 -2.838938487249103559e+01 1.121766865681434133e+00 -4.912987075069281950e-02 6.727047276646300374e-04 -4.212809618822592863e-04 -1.593735850988666619e-04 -8.594518594460916140e-05 -4.670478786261336436e-05 -3.070373785893641986e-05
-8.675587571897172601e-10 -2.766800668055242014e-09 -4.632709802371906657e-09 -6.561968376086948965e-09 -8.573794164318750453e-09 -1.069788072629181096e-08 -1.296415605989014572e-08 -1.539724169846159439e-08 -1.809429079728272143e-08 -2.052409542068674453e-08 -2.279338353584624822e-08 -2.583268246628634184e-08 -2.942024139611834472e-08 -3.353919477927782465e-08 -3.830885155036902573e-08 -4.380444468858779358e-08 -5.012811104320241545e-08 -5.751184184470757516e-08 -6.598565926557698964e-08 -7.601535812375688468e-08 -8.756712660023696727e-08 -1.013565781822627001e-07 -1.174455842095741141e-07 -1.366775914769360623e-07 -1.596230286223017871e-07 -1.869540799502833417e-07 -2.204705255309765924e-07 -2.603261559574015828e-07 -3.104559152528691862e-07 -3.705948996901919543e-07 -4.474387961216886857e-07 -5.420802744113599449e-07 -6.633854810742338933e-07 -8.196125981189742671e-07 -1.018859213091214923e-06 -1.290297183799073947e-06 -1.636808632865852449e-06 -2.135036925068638787e-06 -2.788486546719324699e-06 -3.762596612558290614e-06 -5.137273411357116008e-06 -7.207277877161416226e-06 -1.053459209299436545e-05 -1.552954931149760472e-05 -2.514315675568005060e-05 -4.017772692595034730e-05 -7.529594818259120260e-05 -1.421614130605208695e-04 -3.885417703617145293e-04 7.385158873155999283e-04 -4.859411713842028135e-02 1.115422464752525045e+00 -2.825717807586441310e+01 5.974603839057713230e+02 -2.838815408124001038e+01 1.121709210589505679e+00 -4.912501755382839980e-02 6.733180153137833428e-04 -4.209799124380061010e-04 -1.592184551370560335e-04 -8.579083200621700448e-05 -4.809628320502213863e-05
-7.929245294572283850e-10 -2.527466862407615292e-09 -4.232227242899407100e-09 -5.989468215600769706e-09 -7.823382319307248563e-09 -9.751816273280954067e-09 -1.180391198663842692e-08 -1.404863919112964241e-08 -1.600080243221666193e-08 -1.772166652606460606e-08 -2.009689341571092294e-08 -2.289335334477410903e-08 -2.608293993555990399e-08 -2.977312859880314835e-08 -3.397026364115320536e-08 -3.880833660259241440e-08 -4.436798194606407680e-08 -5.075457913300409950e-08 -5.820400505039968578e-08 -6.674526390142145647e-08 -7.684985421885605830e-08 -8.848038643387836612e-08 -1.023596980273712884e-07 -1.185460406565793702e-07 -1.378890828016601231e-07 -1.609597607455131464e-07 -1.884314286113389547e-07 -2.221136569867503924e-07 -2.621526725199486928e-07 -3.125062916672946497e-07 -3.728935702192338641e-07 -4.500445575211203832e-07 -5.450373314707556815e-07 -6.667717452658367490e-07 -8.235190901687141792e-07 -1.023383550525057787e-06 -1.295625544944084974e-06 -1.643071406528025966e-06 -2.142592556979971094e-06 -2.797566187456801443e-06 -3.773843467709011893e-06 -5.151275214481368192e-06 -7.225123587322674432e-06 -1.055808699260568955e-05 -1.556054613612588942e-05 -2.518758621494664933e-05 -4.023980262479365960e-05 -7.539634676658012581e-05 -1.423228543055222767e-04 -3.888474960232607132e-04 7.379106723337890529e-04 -4.859919306516516380e-02 1.115482324506519296e+00 -2.825839525551718268e+01 5.974604113650267436e+02 -2.838696816223646380e+01 1.121653633392890592e+00 -4.912033911059781460e-02 6.739090054213737330e-04 -4.206937369209683988e-04 -1.589767975032913960e-04 -8.797088253223868089e-05
-7.258208785433460806e-10 -2.313648390417053951e-09 -3.871580762145245002e-09 -5.479382192689891459e-09 -7.148847629240676083e-09 -8.906548593547797649e-09 -1.080577512255786420e-08 -1.240170417790045462e-08 -1.371985901754001697e-08 -1.560254054162112273e-08 -1.780445456081731578e-08 -2.031134958107546876e-08 -2.319587511276846212e-08 -2.645090896002837677e-08 -3.019778697369465571e-08 -3.444652244069683348e-08 -3.933554412197375940e-08 -4.494679238958999691e-08 -5.138684122832357523e-08 -5.889423529608915794e-08 -6.749643054613786902e-08 -7.766997611781989965e-08 -8.937386246835963446e-08 -1.033376445213847127e-07 -1.196160387203429798e-07 -1.390645748051963205e-07 -1.622546393741976429e-07 -1.898606817170140941e-07 -2.237016147731032793e-07 -2.639164471681760350e-07 -3.144848743354880381e-07 -3.751106415892378058e-07 -4.525567171940899497e-07 -5.478872632049913325e-07 -6.700344833716403458e-07 -8.272823178027006401e-07 -1.027741380398338942e-06 -1.300757166222004528e-06 -1.649102651460226033e-06 -2.149868385498481786e-06 -2.806309624806590406e-06 -3.784673734236204204e-06 -5.164758760528727695e-06 -7.242309416641389816e-06 -1.058071385014377816e-05 -1.559040021281222601e-05 -2.523037901970995263e-05 -4.029959813454510271e-05 -7.549306164600865475e-05 -1.424783871314147618e-04 -3.891420549166045031e-04 7.373273827289447517e-04 -4.860408221923651767e-02 1.115539987138878031e+00 -2.825956829850490237e+01 5.974604373535263449e+02 -2.838582470544105973e+01 1.121600023697656212e+00 -4.911582598650473391e-02 6.744716006666654417e-04 -4.202498164281325455e-04 -1.629895739180285197e-04
-6.655084662572403920e-10 -2.121071253999691213e-09 -3.549399496213029856e-09 -5.018504821185619433e-09 -6.546318858497066678e-09 -8.179704951360734150e-09 -9.507888207067640201e-09 -1.053265853231746784e-08 -1.204414002988094190e-08 -1.379687881265382898e-08 -1.579368764791652679e-08 -1.807028969713450446e-08 -2.063179985373886525e-08 -2.356293550391076592e-08 -2.685968185162570666e-08 -3.064778649282810981e-08 -3.493726007128950951e-08 -3.986901423100589159e-08 -4.552531133218419539e-08 -5.201332415451351486e-08 -5.957380308409935496e-08 -6.823253091150940159e-08 -7.847072046025081531e-08 -9.024383457077969350e-08 -1.042877631017338196e-07 -1.206538209844593828e-07 -1.402031038179782924e-07 -1.635074211772712918e-07 -1.912422669180448791e-07 -2.252354917148170062e-07 -2.656192177434457783e-07 -3.163940981841001020e-07 -3.772492535266264395e-07 -4.549792229357902461e-07 -5.506348853096444215e-07 -6.731795236939678603e-07 -8.309092914423944981e-07 -1.031941071917439631e-06 -1.305702156166912539e-06 -1.654914442855638279e-06 -2.156879198024625554e-06 -2.814734773556748994e-06 -3.795109774456939945e-06 -5.177751992557928028e-06 -7.258871057351026982e-06 -1.060251972275063964e-05 -1.561917350288024269e-05 -2.527162398501746378e-05 -4.035723698646966003e-05 -7.558629227490557619e-05 -1.426283307248620241e-04 -3.894260490803903678e-04 7.367648467672077792e-04 -4.860879472960320802e-02 1.115595571443955825e+00 -2.826069956282685425e+01 5.974604619744312686e+02 -2.838472147043261984e+01 1.121548279128896208e+00 -4.911148307309817773e-02 6.753255140955840858e-04 -4.276872782598663747e-04
-6.113513055390516700e-10 -1.947899027466937099e-09 -3.258099693992600859e-09 -4.605391295718476295e-09 -6.032021168889921613e-09 -7.159039523007704451e-09 -7.972856815071762146e-09 -9.200873472678500823e-09 -1.061280318919085600e-08 -1.222141219289669378e-08 -1.403640789232338515e-08 -1.607832654171440723e-08 -1.839274112837122283e-08 -2.098796200523539173e-08 -2.395222102764364747e-08 -2.728131046736989796e-08 -3.110360614654864297e-08 -3.542830292022222036e-08 -4.039818438997282535e-08 -4.609553330007695072e-08 -5.262790679370560211e-08 -6.023803170824745227e-08 -6.895002274953269769e-08 -7.924947737880412588e-08 -9.108846694241335476e-08 -1.052088974998388897e-07 -1.216588303190888882e-07 -1.413046697801834898e-07 -1.647186351061971862e-07 -1.925772260218566169e-07 -2.267168599876686027e-07 -2.672630859314893250e-07 -3.182366567612384249e-07 -3.793127106226901931e-07 -4.573160953884088017e-07 -5.532849995432654031e-07 -6.762125898754065521e-07 -8.344068232230740494e-07 -1.035990695134837197e-06 -1.310470206544466546e-06 -1.660518312306296603e-06 -2.163639070616994447e-06 -2.822858654280806934e-06 -3.805172793069854694e-06 -5.190281386420608733e-06 -7.274842285115045043e-06 -1.062354912328882512e-05 -1.564692457119032528e-05 -2.531140499220228918e-05 -4.041283579793745003e-05 -7.567622659756633851e-05 -1.427729856237786054e-04 -3.897000437634130722e-04 7.362219646913130628e-04 -4.861334002092362189e-02 1.115649187770197059e+00 -2.826179124150854349e+01 5.974604853218359040e+02 -2.838365637091371596e+01 1.121498268737959769e+00 -4.910647722014743061e-02 6.556265438429701971e-04
-5.622608002699226067e-10 -1.791843105252453212e-09 -2.994997116618157358e-09 -4.258778776029085136e-09 -5.236445249871731772e-09 -5.901548870837868910e-09 -6.911169720066927828e-09 -8.063003540929439599e-09 -9.371296419239961502e-09 -1.083381600532889819e-08 -1.247893068226088497e-08 -1.432402627855123967e-08 -1.639300566639214813e-08 -1.873371293911361941e-08 -2.135470367883205587e-08 -2.434617422635098095e-08 -2.770302383673258725e-08 -3.155569574042917911e-08 -3.591236732365639658e-08 -4.091743520805247238e-08 -4.665310118856574352e-08 -5.322721824169656416e-08 -6.088434792947730359e-08 -6.964698738486153684e-08 -8.000489208631110823e-08 -9.190688926565932206e-08 -1.061006208051521472e-07 -1.226310420111389877e-07 -1.423696344310042907e-07 -1.658890192040561928e-07 -1.938666692316405239e-07 -2.281472234829759892e-07 -2.688499512422397857e-07 -3.200149004985476630e-07 -3.813038274690625126e-07 -4.595707009594777654e-07 -5.558415708847136948e-07 -6.791383577449446199e-07 -8.377804272286706149e-07 -1.039896728272040702e-06 -1.315069048213609080e-06 -1.665923390434099667e-06 -2.170159101666761645e-06 -2.830694599887728068e-06 -3.814879356134260405e-06 -5.202367538590821713e-06 -7.290249326462050212e-06 -1.064383664456766285e-05 -1.567369886741188902e-05 -2.534978776598992268e-05 -4.046648604871925272e-05 -7.576301507489192292e-05 -1.429125955570959656e-04 -3.899645095940233600e-04 7.356978023006232898e-04 -4.861772670460021845e-02 1.115700939083220877e+00 -2.826284537603821434e+01 5.974605074817873174e+02 -2.838262741067842754e+01 1.121448747485207731e+00 -4.907135654719900486e-02
-5.182584859127443820e-10 -1.649341549672213647e-09 -2.781246663422364759e-09 -3.651319891572478500e-09 -4.215339910858277492e-09 -5.055901189642766348e-09 -6.007211743618719424e-09 -7.080222227848913082e-09 -8.271687378570408060e-09 -9.608624876812462901e-09 -1.109459497966290043e-08 -1.276120593165959716e-08 -1.462698622239087900e-08 -1.671662379516403670e-08 -1.907895694074254232e-08 -2.172216961107041822e-08 -2.473796459971551756e-08 -2.812019557273451813e-08 -3.200112869690528189e-08 -3.638790227541706730e-08 -4.142638482403069537e-08 -4.719867654138657485e-08 -5.381288681325113943e-08 -6.151532132110693950e-08 -7.032693323657365536e-08 -8.074144949385468087e-08 -9.270462100253769442e-08 -1.069695751042462551e-07 -1.235783453698009833e-07 -1.434072763369943910e-07 -1.670294494052976888e-07 -1.951232893007884760e-07 -2.295414082122399089e-07 -2.703971238800185067e-07 -3.217490847663805264e-07 -3.832463867218745782e-07 -4.617710222625214903e-07 -5.583377598038453636e-07 -6.819962010728756202e-07 -8.410773191308710113e-07 -1.043715985262958545e-06 -1.319567773797218858e-06 -1.671214353353863322e-06 -2.176543995989921337e-06 -2.838374044395120624e-06 -3.824395438345979860e-06 -5.214225128091154801e-06 -7.305371243504178942e-06 -1.066375654216575798e-05 -1.570000416914784432e-05 -2.538748390522223094e-05 -4.051921881489873900e-05 -7.584818825796850938e-05 -1.430496212604340396e-04 -3.902234478435275423e-04 7.351848811521265788e-04 -4.862197523708638308e-02 1.115750887939386260e+00 -2.826386381255705871e+01 5.974605245344132527e+02 -2.838154122165688165e+01 1.119079732114178327e+00
-4.765592963323928753e-10 -1.538997295101529189e-09 -2.333621303111051154e-09 -2.832706011170914319e-09 -3.540310273101143866e-09 -4.333127397462689548e-09 -5.218358703787382257e-09 -6.197116306800379055e-09 -7.289528326299427162e-09 -8.496531086631834199e-09 -9.847765401884426193e-09 -1.134715185847485603e-08 -1.302731716567465816e-08 -1.490692406886082194e-08 -1.701084364424820611e-08 -1.938853278821692044e-08 -2.204760909330158348e-08 -2.508099432923898960e-08 -2.848146614747221638e-08 -3.238279236976824221e-08 -3.679109863857815200e-08 -4.185337537720684782e-08 -4.765158417740129855e-08 -5.429378777412255270e-08 -6.202777333686125936e-08 -7.087280094370176475e-08 -8.132590305159831095e-08 -9.332982001417377103e-08 -1.076419810950930960e-07 -1.243016644161153072e-07 -1.441884479402101191e-07 -1.678756747009770933e-07 -1.960410159392609681e-07 -2.305435247033410573e-07 -2.714894450227186441e-07 -3.229516789765697113e-07 -3.845666844712023609e-07 -4.632356868490659642e-07 -5.599626784934739499e-07 -6.838109220984004952e-07 -8.431196067439800555e-07 -1.046012049806327511e-06 -1.322197738923086416e-06 -1.674199000856650975e-06 -2.180028848442754203e-06 -2.842397719150046353e-06 -3.829178306378013424e-06 -5.219934048944883507e-06 -7.312259438858701559e-06 -1.067248963371991180e-05 -1.571072608068565108e-05 -2.540252339322641184e-05 -4.053872699621685865e-05 -7.587993628773322650e-05 -1.431013441129660654e-04 -3.903239191799532716e-04 7.349712664278320066e-04 -4.862532220504561103e-02 1.115797846773618929e+00 -2.826475721529899943e+01 5.974584541349362325e+02 -2.832761648540276411e+01
-4.682884196308810285e-10 -1.280673320025945334e-09 -1.770233647788931460e-09 -2.401334116082337550e-09 -3.098874760356914144e-09 -3.869003271152833003e-09 -4.718048585865184249e-09 -5.658544253219842611e-09 -6.694959646359421064e-09 -7.849350642499334438e-09 -9.123705177044106638e-09 -1.054873543926896266e-08 -1.212950246268364123e-08 -1.389949564234681339e-08 -1.587892717576510300e-08 -1.809373404652295806e-08 -2.059515362198622853e-08 -2.339272503609417967e-08 -2.658101271903593126e-08 -3.015631833967010919e-08 -3.425376990755413891e-08 -3.888500688645870033e-08 -4.419883518850042726e-08 -5.028423232663139258e-08 -5.725370786616204181e-08 -6.536198162285222827e-08 -7.463907666158669899e-08 -8.558701455443867220e-08 -9.816973212568743936e-08 -1.131478536002435432e-07 -1.305943286340495136e-07 -1.513965684792906388e-07 -1.761706795179331683e-07 -2.056245259813337937e-07 -2.416581538847337798e-07 -2.844629295618790721e-07 -3.381377669485651240e-07 -4.025028904772021753e-07 -4.844764183570746642e-07 -5.853815887736730728e-07 -7.143698115807382424e-07 -8.802266580309462310e-07 -1.091498942150031796e-06 -1.378370500663379410e-06 -1.744759455176822571e-06 -2.269038306243790525e-06 -2.957553761652063481e-06 -3.978793628989026262e-06 -5.420302236736675217e-06 -7.584222081961442646e-06 -1.105182102576385785e-05 -1.626089308296366486e-05 -2.621096535502289367e-05 -4.183425541839005794e-05 -7.794841596621402183e-05 -1.469350062190373854e-04 -3.975506985786868546e-04 7.155955176580971284e-04 -4.859529801838100016e-02 1.113535188274908494e+00 -2.821279386468084738e+01 5.961177968337576658e+02
