1.015000000000000000e+02 1.116748476775084746e-07
3.015000000000000000e+02 4.803855946782045180e-08
5.015000000000000000e+02 2.384001416769291100e-08
7.015000000000000000e+02 1.566467696905233895e-08
9.015000000000000000e+02 1.081279198038947548e-08
1.101500000000000000e+03 7.988389795349331168e-09
1.301500000000000000e+03 5.776691014602604967e-09
1.501500000000000000e+03 4.804113618364623257e-09
1.701500000000000000e+03 3.681212742078849795e-09
1.901500000000000000e+03 3.090290882597611281e-09
2.101500000000000000e+03 2.679133353396357960e-09
2.301500000000000000e+03 2.215111285288175716e-09
2.501500000000000000e+03 1.901615899644020167e-09
2.701500000000000000e+03 1.628925932459159100e-09
2.901500000000000000e+03 1.424547592695209232e-09
3.101500000000000000e+03 1.307882767442677220e-09
3.301500000000000000e+03 1.157953495019807952e-09
3.501500000000000000e+03 1.067065093163769350e-09
3.701500000000000000e+03 9.564618133770864687e-10
3.901500000000000000e+03 8.743406169471326538e-10
4.101500000000000000e+03 7.763701753742002054e-10
4.301500000000000000e+03 7.611232063232304470e-10
4.501500000000000000e+03 6.823282893045972134e-10
4.701500000000000000e+03 6.369815091089896979e-10
4.901500000000000000e+03 5.712844854406251937e-10
5.101500000000000000e+03 5.433979306575988542e-10
5.301500000000000000e+03 5.114867398908518780e-10
5.501500000000000000e+03 4.625732531451381660e-10
5.701500000000000000e+03 4.481321269158667631e-10
5.901500000000000000e+03 3.987037349924340063e-10
6.101500000000000000e+03 3.883666640021317080e-10
