1.015000000000000000e+02 1.260636081955965963e-05
3.015000000000000000e+02 1.629777778302315749e-05
5.015000000000000000e+02 1.545444672086815696e-05
7.015000000000000000e+02 1.299060996596719158e-05
9.015000000000000000e+02 1.006303662591749023e-05
1.101500000000000000e+03 8.340269974537308715e-06
1.301500000000000000e+03 6.408093091857457520e-06
1.501500000000000000e+03 4.841046399904755882e-06
1.701500000000000000e+03 3.868329671239071279e-06
1.901500000000000000e+03 3.250374068554467126e-06
2.101500000000000000e+03 2.801080278333332017e-06
2.301500000000000000e+03 2.226491385766232538e-06
2.501500000000000000e+03 2.083210812633217755e-06
2.701500000000000000e+03 1.730568095772174917e-06
2.901500000000000000e+03 1.445530964892661398e-06
3.101500000000000000e+03 1.393002536858676190e-06
3.301500000000000000e+03 1.262127369177195082e-06
3.501500000000000000e+03 1.134779161538181893e-06
3.701500000000000000e+03 1.002585810804221918e-06
3.901500000000000000e+03 8.936152273989644573e-07
4.101500000000000000e+03 8.707261987539210916e-07
4.301500000000000000e+03 7.627340035390288086e-07
4.501500000000000000e+03 6.797932768161971362e-07
4.701500000000000000e+03 6.189466251665311837e-07
4.901500000000000000e+03 5.846336192426072431e-07
5.101500000000000000e+03 5.304955909280047801e-07
5.301500000000000000e+03 4.849296448849779794e-07
5.501500000000000000e+03 4.499570282191372762e-07
5.701500000000000000e+03 4.321740853026567105e-07
5.901500000000000000e+03 3.992464732924331974e-07
6.101500000000000000e+03 3.761977369804381880e-07
6.301500000000000000e+03 3.504835076539317909e-07
6.501500000000000000e+03 3.293080779327483813e-07
6.701500000000000000e+03 3.072171001552739865e-07
6.901500000000000000e+03 2.966475148074989891e-07
7.101500000000000000e+03 2.686567369813621984e-07
7.301500000000000000e+03 2.580726743066723478e-07
7.501500000000000000e+03 2.384853347876720594e-07
7.701500000000000000e+03 2.394128864800985239e-07
7.901500000000000000e+03 2.284968131754714458e-07
8.101500000000000000e+03 2.098500835969126145e-07
8.301500000000000000e+03 1.937492510134542521e-07
8.501500000000000000e+03 1.942907465954271912e-07
8.701500000000000000e+03 1.873062879749713500e-07
8.901500000000000000e+03 1.722753279179129496e-07
9.101500000000000000e+03 1.668625065262960980e-07
9.301500000000000000e+03 1.600591261855488913e-07
9.501500000000000000e+03 1.547204096900579690e-07
9.701500000000000000e+03 1.481252939944430857e-07
9.901500000000000000e+03 1.472410823369358572e-07
1.010150000000000000e+04 1.376843758807944507e-07
1.030150000000000000e+04 1.322226400210238308e-07
1.050150000000000000e+04 1.278153446901200810e-07
1.070150000000000000e+04 1.266042338725032129e-07
1.090150000000000000e+04 1.218022636773605703e-07
1.110150000000000000e+04 1.167720269018612411e-07
1.130150000000000000e+04 1.155953333028419800e-07
1.150150000000000000e+04 1.147700789082871206e-07
1.170150000000000000e+04 1.093832525794693030e-07
1.190150000000000000e+04 1.062148413023587676e-07
1.210150000000000000e+04 1.045542195071764468e-07
1.230150000000000000e+04 1.043003404767141166e-07
