1.015000000000000000e+02 2.411722445397110337e-02
3.015000000000000000e+02 2.363332985166489153e-01
5.015000000000000000e+02 6.266931712087211448e-01
7.015000000000000000e+02 1.014404866988773080e+00
9.015000000000000000e+02 1.285919733126193121e+00
1.101500000000000000e+03 1.603850806262918871e+00
1.301500000000000000e+03 1.735642966683684119e+00
1.501500000000000000e+03 1.733383165441097162e+00
1.701500000000000000e+03 1.785442618797300707e+00
1.901500000000000000e+03 1.876359492031362874e+00
2.101500000000000000e+03 1.975413878449367777e+00
2.301500000000000000e+03 1.879714082354692284e+00
2.501500000000000000e+03 2.072195206438173454e+00
2.701500000000000000e+03 2.009803889492382645e+00
2.901500000000000000e+03 1.936032758780239948e+00
3.101500000000000000e+03 2.131803365168448039e+00
3.301500000000000000e+03 2.189766198476271519e+00
3.501500000000000000e+03 2.214129005264971806e+00
3.701500000000000000e+03 2.188462647340167155e+00
3.901500000000000000e+03 2.162679594853484488e+00
4.101500000000000000e+03 2.330285933163303902e+00
4.301500000000000000e+03 2.245603856540105969e+00
4.501500000000000000e+03 2.191627279645764315e+00
4.701500000000000000e+03 2.177625421781643311e+00
4.901500000000000000e+03 2.235952448332131137e+00
5.101500000000000000e+03 2.198461593908080935e+00
5.301500000000000000e+03 2.168344167601261585e+00
5.501500000000000000e+03 2.166742190841791427e+00
5.701500000000000000e+03 2.235085875106050057e+00
5.901500000000000000e+03 2.214800756871096787e+00
6.101500000000000000e+03 2.229041960490028895e+00
6.301500000000000000e+03 2.216897835146322659e+00
6.501500000000000000e+03 2.213711196786717128e+00
6.701500000000000000e+03 2.196052216757841791e+00
6.901500000000000000e+03 2.249170204065971568e+00
7.101500000000000000e+03 2.155673604800131038e+00
7.301500000000000000e+03 2.190466674843641659e+00
7.501500000000000000e+03 2.136502132998533199e+00
7.701500000000000000e+03 2.260284881908283250e+00
7.901500000000000000e+03 2.269551350448303140e+00
8.101500000000000000e+03 2.191979253754447132e+00
8.301500000000000000e+03 2.125724019562233558e+00
8.501500000000000000e+03 2.235117607872828760e+00
8.701500000000000000e+03 2.257958641191335492e+00
8.901500000000000000e+03 2.173018954176829887e+00
9.101500000000000000e+03 2.200265089401642005e+00
9.301500000000000000e+03 2.204175706629087905e+00
9.501500000000000000e+03 2.221549682051902508e+00
9.701500000000000000e+03 2.219126989271181127e+00
9.901500000000000000e+03 2.297197153923721480e+00
1.010150000000000000e+04 2.236401618961368687e+00
1.030150000000000000e+04 2.232857344727547488e+00
1.050150000000000000e+04 2.242902385790163766e+00
1.070150000000000000e+04 2.308160922140426674e+00
1.090150000000000000e+04 2.303825743426844763e+00
1.110150000000000000e+04 2.290916644070255526e+00
1.130150000000000000e+04 2.349894667581058361e+00
1.150150000000000000e+04 2.416668797610248109e+00
1.170150000000000000e+04 2.384017635862063500e+00
1.190150000000000000e+04 2.394541125392682268e+00
1.210150000000000000e+04 2.435826965476100003e+00
1.230150000000000000e+04 2.515661822277093229e+00
